Tput(Mbps)	MCS	RBs	layers	config
256.009	8.7509375	67.96875	3.3515625	O_Sp_90Mhz
379.57079999999996	11.148772028985508	219.24498550724638	3.6999443478260874	O_Sp_90Mhz
436.1214	12.23535411764706	222.29798448610214	3.6616799999999996	O_Sp_90Mhz
392.53133333333335	12.04898050637634	201.35718857245226	3.791673265804013	O_Sp_90Mhz
356.9662	11.778387878787878	201.0290909090909	3.6328181818181817	O_Sp_90Mhz
295.63379999999995	9.818946093993151	233.02488361879665	3.752407676767677	O_Sp_90Mhz
299.3242	8.58249596273292	232.1686585278789	3.6741089455272364	O_Sp_90Mhz
268.5544	9.554186729936731	231.9675657675658	3.0	O_Sp_90Mhz
329.09975	11.408621328671328	233.1429836829837	3.0	O_Sp_90Mhz
414.693	14.70583134920635	219.9015873015873	2.9631944444444445	O_Sp_90Mhz
409.56620000000004	16.34496956521739	227.3255265700483	2.6933501449275363	O_Sp_90Mhz
413.1145	16.72415426731079	233.56193236714978	2.6644779388083735	O_Sp_90Mhz
388.298	14.855295488215486	228.5939586339586	2.9372872727272727	O_Sp_90Mhz
347.275	12.533749663524882	233.11592257018347	2.9366853146853145	O_Sp_90Mhz
302.57125	12.981500757575757	234.4181818181818	2.544049621212121	O_Sp_90Mhz
159.9562	7.226509442248573	227.3572463768116	2.671699275362319	O_Sp_90Mhz
192.5116	6.1397359844054575	229.56897577276527	2.857374814814815	O_Sp_90Mhz
263.736	8.643016873706003	233.1760248447205	2.8667553053830224	O_Sp_90Mhz
319.6922	11.274244663382595	232.7720508166969	2.7063484573502725	O_Sp_90Mhz
295.8375	11.959969053934572	231.30238726790452	2.828574270557029	O_Sp_90Mhz
355.20500000000004	12.037797195558065	232.01886567538742	2.901977915804003	O_Sp_90Mhz
314.0638	12.41514238095238	229.71150183150183	2.913583333333333	O_Sp_90Mhz
308.2656	13.794653830227745	229.94299350324837	2.404062343828086	O_Sp_90Mhz
197.3856	7.861718817575339	230.5762111801242	2.7004409937888196	O_Sp_90Mhz
255.55624999999998	8.465921296296296	234.0873015873016	2.8158310185185185	O_Sp_90Mhz
303.72	10.934844907407408	232.82962962962964	2.831770833333333	O_Sp_90Mhz
284.5762	10.745999654934439	234.0609947089947	2.758902857142857	O_Sp_90Mhz
263.798	10.549733675744545	232.76903820816864	2.849460108329674	O_Sp_90Mhz
270.36525	11.234101966873705	233.89628709454797	2.5090171842650104	O_Sp_90Mhz
318.0736	10.392935220721307	235.43441613459004	2.9026490176490176	O_Sp_90Mhz
395.06075	13.542549404761905	235.64380952380952	2.9473000000000003	O_Sp_90Mhz
463.8772	15.091031385281386	231.94938349007316	2.94083407971339	O_Sp_90Mhz
429.00879999999995	15.407345347985347	233.39087312687312	2.8713064135864137	O_Sp_90Mhz
262.979	10.516046206308612	235.47333333333333	2.491047222222222	O_Sp_90Mhz
340.4606	10.425060291158118	235.4248041813259	2.9678690476190477	O_Sp_90Mhz
274.8212	10.059172730972731	234.36308136308133	2.750088726088726	O_Sp_90Mhz
233.256	6.335048021624108	236.21463077984816	2.9543518518518517	O_Sp_90Mhz
314.7568	9.51057786268482	234.22079929732104	2.871942727272727	O_Sp_90Mhz
720.6455	12.296247795414462	230.23897707231043	2.952654320987654	O_Sp_90Mhz
614.8162	17.190036406735903	229.62317375005705	3.1540622550802873	O_Sp_90Mhz
387.1402	12.852942730953256	218.93241958041958	3.1534802797202794	O_Sp_90Mhz
257.2055	7.944701086956522	185.0649184782609	3.915	O_Sp_90Mhz
318.8006666666667	9.692811447811447	232.17845117845118	3.080614478114478	O_Sp_90Mhz
436.4548	14.483334199566883	230.8015792103948	2.7335826919873396	O_Sp_90Mhz
461.32175	15.858035714285714	231.07142857142858	2.8026785714285714	O_Sp_90Mhz
413.08099999999996	15.077810669201975	231.09670908801345	2.583751552795031	O_Sp_90Mhz
405.609	15.957738705738706	228.2136100936101	2.3611525641025644	O_Sp_90Mhz
426.98975	15.547332005808837	228.90881886991724	2.666179149797571	O_Sp_90Mhz
498.759	21.19627513227513	233.8253968253968	2.3198624338624336	O_Sp_90Mhz
430.41475	14.804868705855549	170.88226247436774	2.749407894736842	O_Sp_90Mhz
459.9826	17.941234675324676	231.57080697080696	2.415512052762053	O_Sp_90Mhz
345.55879999999996	15.032807575757579	231.0	2.272939393939394	O_Sp_90Mhz
346.417	14.029199999999998	233.43564356435644	2.4986138613861386	O_Sp_90Mhz
291.325	10.64542139657444	229.3674421810074	2.686736343366778	O_Sp_90Mhz
402.1574	13.799815002513828	224.24849740237974	2.8604957264957265	O_Sp_90Mhz
291.3325	15.395990241287556	221.78514957264957	2.7701832264957265	O_Sp_90Mhz
404.496125	13.538794626267453	224.1117448372883	2.777726897197006	O_Sp_90Mhz
566.2185	21.06675	225.34305555555557	2.365388888888889	O_Sp_90Mhz
458.622	17.028222865747843	231.95387702214816	2.7758460894486303	O_Sp_90Mhz
504.2626	19.139558412698413	229.01803174603174	2.570674761904762	O_Sp_90Mhz
506.26425	16.70315953947368	232.4286842105263	2.7734105263157893	O_Sp_90Mhz
396.1248333333333	14.200762626205695	204.0661657475356	2.963263888888889	O_Sp_90Mhz
386.67800000000005	12.244932168770196	233.20267056886772	2.933809523809524	O_Sp_90Mhz
399.01800000000003	12.579240082966036	232.39137498919712	2.9408421052631577	O_Sp_90Mhz
437.90774999999996	14.612776093514329	231.92544997486175	2.6859616557734203	O_Sp_90Mhz
433.6193999999999	15.91488895162808	229.1372482589874	2.6171258234519104	O_Sp_90Mhz
486.1272	15.842981343873518	229.01058558832474	2.6525975311644876	O_Sp_90Mhz
374.879	18.828812499999998	227.24338624338623	2.1498765432098765	O_Sp_90Mhz
358.6798	15.044752185717096	231.54044619319296	2.449903946488294	O_Sp_90Mhz
369.3872	13.547122145588967	229.43403370085292	2.5750815957497877	O_Sp_90Mhz
219.3976	11.575994322344323	227.24103913630228	2.461024146905726	O_Sp_90Mhz
264.8754	12.057723692973692	220.1287574744096	2.579077936556197	O_Sp_90Mhz
387.15825	14.604546296296297	228.05185185185186	2.6419953703703705	O_Sp_90Mhz
436.12120000000004	16.29561566137566	231.7865396825397	2.3800317460317464	O_Sp_90Mhz
376.05775	13.678010968379446	226.5168115942029	2.595239855072464	O_Sp_90Mhz
347.2154	15.457135964912279	232.2205128205128	2.6044644677934152	O_Sp_90Mhz
328.9585	14.0429	234.16347826086957	2.3453391304347826	O_Sp_90Mhz
322.5986666666667	10.869467923380967	231.7037051609942	2.872042232277526	O_Sp_90Mhz
274.5556	10.39444677409547	230.08288233505627	2.676161751292186	O_Sp_90Mhz
315.6324	11.189022727272725	228.47145135566188	2.8828560606060605	O_Sp_90Mhz
359.1714	13.719169935587763	228.85553623188406	2.9219999999999997	O_Sp_90Mhz
456.2504	14.104180241327299	224.4955128205128	3.0	O_Sp_90Mhz
486.21375	15.07652850435949	231.66478873239436	2.9621478873239435	O_Sp_90Mhz
413.0295	14.02841230476269	233.58439201451904	2.8753125	O_Sp_90Mhz
376.87960000000004	12.527144366229583	231.11557763975156	2.962962962962963	O_Sp_90Mhz
353.21275	12.034483992094863	230.23232745515352	3.0	O_Sp_90Mhz
422.06059999999997	12.91709649873476	231.18251313903488	2.976923076923077	O_Sp_90Mhz
418.1862	13.416123887025165	232.58325572126083	2.94903137254902	O_Sp_90Mhz
396.21675	13.737027326839828	230.16147186147185	2.901895833333333	O_Sp_90Mhz
338.5632	12.191708205128204	232.67224476650563	3.1131481481481478	O_Sp_90Mhz
307.45140000000004	11.040368686868687	231.88888888888886	2.9517272727272728	O_Sp_90Mhz
326.711	10.914520186335402	232.33813664596272	3.0	O_Sp_90Mhz
268.91375	10.845413279967158	219.84802259887005	2.93135593220339	O_Sp_90Mhz
354.9708	12.861992874493927	231.38830769230768	2.8652738461538463	O_Sp_90Mhz
345.76825	12.291472319347319	229.48965034965036	3.007561188811189	O_Sp_90Mhz
392.78180000000003	12.800870528022703	228.94292084726868	2.916211538461538	O_Sp_90Mhz
429.34825	13.60608717948718	230.34666666666666	2.976814423076923	O_Sp_90Mhz
431.1006666666667	14.972978460488136	230.32281959378733	3.024021164021164	O_Sp_90Mhz
293.1512	13.112047619047619	220.96984126984125	2.7906031746031745	O_Sp_90Mhz
241.9036	9.37519282051282	234.54947985347985	2.5696410256410256	O_Sp_90Mhz
411.01660000000004	11.854335733232285	228.87768093974992	2.951150183150183	O_Sp_90Mhz
373.60625	14.853080723624203	227.94724840377015	3.0	O_Sp_90Mhz
253.1346	13.445622624868182	213.38921561969437	3.016129032258065	O_Sp_90Mhz
226.7308	8.062160535117055	229.46421404682275	2.9987500000000002	O_Sp_90Mhz
321.13625	10.572736775362317	227.40101449275363	2.8887409420289853	O_Sp_90Mhz
340.585	13.323711445482996	229.56405203991412	2.591335433244916	O_Sp_90Mhz
357.8912	13.50912071863228	223.09186612576065	2.97670197044335	O_Sp_90Mhz
343.1855	13.250978059581321	234.88212560386472	2.731736312399356	O_Sp_90Mhz
345.2424	11.775476551724138	231.65862068965515	3.16	O_Sp_90Mhz
432.5108	14.077214653630122	230.32822300811318	3.4665107135427506	O_Sp_90Mhz
399.8415	14.985296037296038	234.06526806526807	2.8746923076923077	O_Sp_90Mhz
433.87039999999996	14.338553223336117	232.28571428571428	3.2090534321915904	O_Sp_90Mhz
454.82039999999995	13.92342528675833	233.69759048680788	3.3750594524959743	O_Sp_90Mhz
402.063	13.730657051282051	234.52564102564102	3.3882852564102564	O_Sp_90Mhz
419.84880000000004	12.97774462146549	233.7306099118273	3.158147435897436	O_Sp_90Mhz
372.62039999999996	12.406809868875087	229.6923583662714	3.2152453886693015	O_Sp_90Mhz
398.639	12.44495855292051	231.7148294539599	3.255455780632411	O_Sp_90Mhz
363.8156	11.444740828060828	232.86396984657853	3.2823481446090144	O_Sp_90Mhz
293.43600000000004	9.642694237867397	226.66554545454545	3.5082196969696975	O_Sp_90Mhz
329.3362	8.516669899665553	225.30292084726867	3.5253013776078994	O_Sp_90Mhz
242.31	9.114479166666667	231.63917525773198	3.159690721649484	O_Sp_90Mhz
271.7858	8.618079710144928	232.77797101449278	2.9779617391304347	O_Sp_90Mhz
313.8754	12.031151114827201	233.25529861442905	3.1117435897435897	O_Sp_90Mhz
385.8605	14.781341089466089	218.79584535834536	3.25516835016835	O_Sp_90Mhz
570.712	16.12813462316461	232.86763760976655	3.38500859689203	O_Sp_90Mhz
621.229	17.074938271604935	231.5679012345679	3.3055555555555554	O_Sp_90Mhz
591.5196	17.865797871499698	231.7621400911462	3.1708175847141367	O_Sp_90Mhz
550.9105999999999	17.061013532763532	233.38746438746438	3.3531851851851853	O_Sp_90Mhz
545.76575	16.037926460113958	234.54945054945054	3.3726971408221407	O_Sp_90Mhz
573.7304	17.32183218390805	233.81588480485033	3.3627848364279394	O_Sp_90Mhz
491.54075	15.001797030406365	232.00364576599873	3.512238138332256	O_Sp_90Mhz
354.87583333333333	11.104989521653316	191.9042007666327	3.517822080453659	O_Sp_90Mhz
435.19359999999995	13.82894150555327	218.7498560263266	3.6439882352941178	O_Sp_90Mhz
450.59499999999997	15.12434380032206	233.87466666666668	3.248136296296296	O_Sp_90Mhz
398.20925	14.40805402930403	235.49656750572083	2.7906728097417455	O_Sp_90Mhz
401.931	12.454154405594405	230.5699766899767	3.3749428904428904	O_Sp_90Mhz
456.26325	13.373032407407408	235.93333333333334	3.5019742063492063	O_Sp_90Mhz
542.0642	15.897851063556327	234.48631064841592	3.1556525930210144	O_Sp_90Mhz
594.692	15.814736339175699	233.6170342243569	3.5756356149571253	O_Sp_90Mhz
513.0225	14.857357660455488	232.32596273291924	3.4232576345755694	O_Sp_90Mhz
561.7758	14.917172240802676	233.11268036311512	3.6581718426501033	O_Sp_90Mhz
604.72375	17.324055615680614	230.05954785954785	3.344926948051948	O_Sp_90Mhz
586.3668	15.411346098989577	233.86500115021855	3.827196273291926	O_Sp_90Mhz
405.4485	13.497738095238097	228.42857142857144	3.645625	O_Sp_90Mhz
410.2796	13.494671247592986	213.89586918548017	3.7226746752696407	O_Sp_90Mhz
512.04825	15.625945396188138	229.95615017166742	3.437814412598895	O_Sp_90Mhz
516.1974	14.17765451881452	234.13566433566433	3.7506729936729934	O_Sp_90Mhz
569.6142500000001	14.42752938285547	229.74864587908067	3.7026186816404207	O_Sp_90Mhz
565.8985	15.2334072387808	236.5809877648958	3.7537232478037077	O_Sp_90Mhz
559.2819999999999	15.1976360645933	231.3159489633174	3.7162430223285483	O_Sp_90Mhz
482.17625	12.787946103896104	231.25274725274724	3.603118131868132	O_Sp_90Mhz
528.7497999999999	13.125157699562916	229.13675261936132	3.8592592592592596	O_Sp_90Mhz
467.16375	13.751612633509549	233.41298953500916	3.3754801398928325	O_Sp_90Mhz
435.71139999999997	11.516788421348767	233.94269868062975	3.622521062271062	O_Sp_90Mhz
601.5495000000001	14.383549422948235	231.2385318409739	3.737051077560524	O_Sp_90Mhz
720.45075	17.054114285714284	232.9257142857143	4.0	O_Sp_90Mhz
693.3576	18.25238092105263	226.2937343358396	3.796241666666667	O_Sp_90Mhz
526.4074	16.318100579503056	213.74900373104705	3.825779645947448	O_Sp_90Mhz
546.5408	15.464412608695653	230.94086956521738	3.5143514492753622	O_Sp_90Mhz
518.7873999999999	14.73196645021645	225.07445887445888	3.7478333333333333	O_Sp_90Mhz
513.988	16.085041581027667	218.48074308300397	3.742325375494071	O_Sp_90Mhz
421.7634	13.04503848003848	229.75233494363928	3.441966183574879	O_Sp_90Mhz
503.856	12.589062520812522	228.0909090909091	3.8256772394272396	O_Sp_90Mhz
649.0906666666666	15.596362419374467	232.384203480589	3.8523102511054312	O_Sp_90Mhz
483.8514	14.194855689223058	182.83259649122806	3.7996290726817046	O_Sp_90Mhz
598.554	17.14285118012422	229.2792380952381	3.489285714285714	O_Sp_90Mhz
611.71275	16.62471100759144	231.10113447870884	3.775245057087162	O_Sp_90Mhz
634.094	16.654393162393163	229.4585754985755	3.6593732193732196	O_Sp_90Mhz
403.7206	13.527946401414678	194.3167768936045	3.4663890362511056	O_Sp_90Mhz
503.73600000000005	14.932401492686836	227.30487878180725	3.6443854137447405	O_Sp_90Mhz
439.87600000000003	15.22158253968254	214.75095238095236	3.45075	O_Sp_90Mhz
590.3986	17.453467076562728	231.43186611321252	3.2345974754558204	O_Sp_90Mhz
619.745	19.229328985507248	230.94479871175523	3.0449074074074076	O_Sp_90Mhz
613.6482	18.473733984962404	231.46185645933014	3.102886363636364	O_Sp_90Mhz
675.9592	18.59581036168133	233.36011730205277	3.1890153958944283	O_Sp_90Mhz
648.904	17.342142597361608	232.67126962834374	3.582842185366647	O_Sp_90Mhz
652.8245000000001	17.548222727272726	228.3583216783217	3.5490265734265733	O_Sp_90Mhz
628.125	18.6963615136876	228.71080745341615	3.1182608695652174	O_Sp_90Mhz
508.5296	15.950798641173643	225.35090311986863	3.331705596606459	O_Sp_90Mhz
523.59275	14.56563320416143	233.52624724504108	3.4340204451345757	O_Sp_90Mhz
475.9662	12.97243056249653	232.40409189344723	3.7792759175967574	O_Sp_90Mhz
560.4432	15.940555539457161	232.69454264464406	3.143362407031778	O_Sp_90Mhz
421.5596666666667	13.538845843045843	228.9801087801088	3.2569720279720276	O_Sp_90Mhz
420.5146	11.18951	230.2140606060606	3.4075345454545456	O_Sp_90Mhz
458.54774999999995	14.248905906895038	231.56302151954327	3.4227080588493632	O_Sp_90Mhz
458.3914	13.378444444444444	218.66394736842102	3.594939692982456	O_Sp_90Mhz
562.7092	16.106668376068377	232.9499487179487	3.29624547008547	O_Sp_90Mhz
409.6411666666666	12.958544318876976	202.3287356321839	3.541967682475289	O_Sp_90Mhz
584.3	16.01725290155247	231.32818331094194	3.429978354978355	O_Sp_90Mhz
605.5852	15.443532419880285	232.57129104620623	3.584505315011667	O_Sp_90Mhz
595.5422000000001	15.963497240537242	229.82262271062274	3.589088253968254	O_Sp_90Mhz
624.08	15.337998556998558	230.77316017316016	3.6637316017316017	O_Sp_90Mhz
619.7216000000001	16.327720909203517	230.68466174727047	3.679350604307126	O_Sp_90Mhz
724.00775	18.12374342105263	231.25654135338345	3.7907462406015036	O_Sp_90Mhz
699.9598	17.577066666666667	232.7942857142857	3.9034126984126987	O_Sp_90Mhz
691.8854	16.511324127626757	226.4429149797571	3.8613634085213038	O_Sp_90Mhz
699.89725	18.749605263157896	232.34382965961913	3.3732681061628433	O_Sp_90Mhz
600.6328	15.334977228424597	230.1537324118377	3.832014382420698	O_Sp_90Mhz
645.6166000000001	15.515641898537194	231.16835107376284	3.8567563025210085	O_Sp_90Mhz
459.303	15.146710581473968	223.19780516981328	3.630766411816716	O_Sp_90Mhz
357.68860000000006	12.742150677697587	220.9247808484422	3.2828167224080267	O_Sp_90Mhz
391.723	13.161505376344085	225.1738721804511	3.5900093984962407	O_Sp_90Mhz
423.79350000000005	13.718119271533064	222.45775986465642	3.0710689655172416	O_Sp_90Mhz
346.9158333333333	14.034261058864507	172.54715256008362	3.5585823754789274	O_Sp_90Mhz
640.09875	16.851887626262624	226.96094276094277	3.5014726430976433	O_Sp_90Mhz
656.1424	17.590587330316744	226.7905681246858	3.580393262946204	O_Sp_90Mhz
579.8984	16.058440225563906	227.19346988160055	3.262948902428485	O_Sp_90Mhz
671.07375	18.56478503787879	226.8439393939394	3.249058712121212	O_Sp_90Mhz
618.9752000000001	18.169297042957044	226.88580752580756	3.145973046953047	O_Sp_90Mhz
569.59275	16.112232142857142	229.54782608695652	3.1584464285714287	O_Sp_90Mhz
605.8194	18.49875666666667	227.80533333333332	3.0365	O_Sp_90Mhz
651.9428	18.257277906162464	228.49523809523808	3.166333333333333	O_Sp_90Mhz
641.2057500000001	18.145223007246376	230.76608695652175	3.0873304347826087	O_Sp_90Mhz
633.1162	17.53708325008325	227.90216450216448	3.398225774225774	O_Sp_90Mhz
640.348	16.448255594405595	229.60923076923078	3.6340692307692306	O_Sp_90Mhz
444.9334	15.376890439560437	225.20297435897436	2.9694285714285713	O_Sp_90Mhz
632.9996	16.98912061329795	225.84161934247382	3.2670872180451127	O_Sp_90Mhz
581.7515999999999	16.67899839199448	230.8455100069013	3.534145265700483	O_Sp_90Mhz
519.5835	15.474650961538462	221.88337962962964	3.6054412037037036	O_Sp_90Mhz
483.9652	16.11370074074074	229.7182222222222	3.3733037037037037	O_Sp_90Mhz
387.4828333333333	15.176804614775202	187.26582491582494	3.5033670033670035	O_Sp_90Mhz
542.504	17.13381904761905	223.26130402930403	3.1318199267399267	O_Sp_90Mhz
625.70175	19.506496307134896	228.085346215781	2.951240942028986	O_Sp_90Mhz
551.1038	16.73279608797	229.3556636600115	3.2004459773318468	O_Sp_90Mhz
576.2256	16.37426467236467	224.8888888888889	3.3997137321937325	O_Sp_90Mhz
588.34275	15.860936636167624	228.93984962406017	3.7231670168067224	O_Sp_90Mhz
584.2448	16.34685067873303	226.07861626039994	3.377481389578164	O_Sp_90Mhz
673.31975	18.36443779795957	226.6633867276888	3.3817670552059496	O_Sp_90Mhz
634.4300000000001	16.983136693017126	230.152	3.8398327272727273	O_Sp_90Mhz
728.5624	18.8577842451666	224.81626216920336	3.6852085561497328	O_Sp_90Mhz
586.6814999999999	18.06242700078532	226.70698650674663	3.187365067466267	O_Sp_90Mhz
623.0728	16.68132637732638	227.18391978391978	3.560303363303363	O_Sp_90Mhz
633.398	17.15195268033404	227.43729266588426	3.4977740711092418	O_Sp_90Mhz
578.862	17.765089338653233	228.6452488687783	3.36122602144306	O_Sp_90Mhz
567.6292	17.664224035674472	227.6797591973244	3.617148160535117	O_Sp_90Mhz
503.75924999999995	17.76949495319495	226.8311111111111	3.2068582010582007	O_Sp_90Mhz
611.672	17.470329364402765	229.70297243535097	3.364021720185659	O_Sp_90Mhz
654.1264	17.033786964997034	230.5594589893537	3.77042004048583	O_Sp_90Mhz
606.187	16.506185567010306	229.16161616161614	3.35010101010101	O_Sp_90Mhz
603.0784	17.14102205128205	231.2959316239316	3.519766068376069	O_Sp_90Mhz
655.496	17.917787237076645	228.61445410628022	3.4352549019607843	O_Sp_90Mhz
638.634	19.293483564814814	229.82296296296298	3.1331962962962963	O_Sp_90Mhz
622.1048	19.266031668222844	226.81164021164022	3.2081846405228758	O_Sp_90Mhz
515.2906	15.803560988947988	228.76485067873304	3.558325972850679	O_Sp_90Mhz
456.87825	13.659079161579161	228.3034696784697	3.3568335686304436	O_Sp_90Mhz
547.0168	15.699696811594203	230.0989316770186	3.4512372256728776	O_Sp_90Mhz
636.23225	17.926936274509803	228.29847494553377	3.561369825708061	O_Sp_90Mhz
658.8356	17.314910533910535	229.08944099378883	3.815612392036305	O_Sp_90Mhz
688.7710000000001	17.43767973856209	228.2623716153128	3.931547619047619	O_Sp_90Mhz
707.8120000000001	18.065237422360248	228.3711801242236	3.706411211180124	O_Sp_90Mhz
645.9158	17.465557012987013	229.67747186147184	3.801514069264069	O_Sp_90Mhz
496.99899999999997	15.015887512899898	222.2514226743329	3.7860441176470587	O_Sp_90Mhz
622.9565	16.241041711229943	230.89048128342245	3.896931818181818	O_Sp_90Mhz
718.7578	17.707819597069594	226.92888592888593	4.0	O_Sp_90Mhz
741.1798	18.238392156862744	226.27344028520503	3.9411764705882346	O_Sp_90Mhz
749.039	18.20445727753728	228.14398845598845	4.0	O_Sp_90Mhz
728.9325	17.813459189231246	228.2584002489885	4.0	O_Sp_90Mhz
699.8032000000001	17.900819452286843	231.14447581404102	3.868271739130435	O_Sp_90Mhz
685.90675	18.595958906230646	228.90833643007556	3.791527777777778	O_Sp_90Mhz
679.5346000000001	18.75475800234624	228.86056644880173	3.593667504608681	O_Sp_90Mhz
714.6089999999999	18.905242954911433	231.31771336553945	3.4497458735909823	O_Sp_90Mhz
717.8756	18.728920723720723	227.46635142635142	3.6639820845820843	O_Sp_90Mhz
568.7108000000001	17.301319238732283	231.48548424200598	3.5717546583850934	O_Sp_90Mhz
663.28775	14.881053483553485	171.51929551929553	4.0	O_Sp_90Mhz
709.78	17.54772543956044	228.5548131868132	3.9516153846153848	O_Sp_90Mhz
716.52875	17.72810977011494	229.62076628352492	3.9063379310344826	O_Sp_90Mhz
735.7077999999999	18.069122236467237	228.22128774928774	4.0	O_Sp_90Mhz
676.9798	17.334148569023572	227.8747474747475	3.8603080808080805	O_Sp_90Mhz
320.876	17.59351351351351	226.3153153153153	3.90990990990991	O_Sp_90Mhz
521.7966	14.572496708192393	182.80677130599787	3.9034611005692597	O_Sp_90Mhz
720.2136	18.287625287566463	229.78302634184988	3.8848461538461536	O_Sp_90Mhz
717.2354	18.189674951267058	225.76246393762185	3.9617037037037037	O_Sp_90Mhz
702.969	17.665578703703705	227.3148148148148	3.934416666666667	O_Sp_90Mhz
767.4280000000001	17.78382779795655	227.75607852539127	3.7471522877932415	O_Sp_90Mhz
768.8814	18.278050925925925	226.83703703703705	4.0	O_Sp_90Mhz
665.378	17.433387642450143	228.05647729177142	3.6878612577509635	O_Sp_90Mhz
717.07	17.228945970695968	228.93260073260072	3.910714285714286	O_Sp_90Mhz
731.1854000000001	18.247052824368616	230.4531713900135	4.0	O_Sp_90Mhz
793.99175	18.426670634920633	221.51722222222222	4.0	O_Sp_90Mhz
784.3284	18.62516184005442	228.9370137866302	3.8968080808080807	O_Sp_90Mhz
720.9490000000001	16.708096861471862	227.84415584415586	3.955357142857143	O_Sp_90Mhz
756.6054	16.93856245421245	227.57459340659338	4.0	O_Sp_90Mhz
754.1952	18.72153350383632	228.3929923273657	3.671257918552036	O_Sp_90Mhz
815.0615	18.2658357771261	229.27761485826005	4.0	O_Sp_90Mhz
750.9326	18.86259321194104	227.7487179487179	4.0	O_Sp_90Mhz
744.2356	18.26069878126689	227.96428653332677	4.0	O_Sp_90Mhz
778.3879999999999	18.59832713984888	228.34069473199906	3.955892857142857	O_Sp_90Mhz
705.0998	17.585097866963956	228.60120698625047	3.845588628762542	O_Sp_90Mhz
696.1684	17.350567836257312	228.03719298245613	3.95	O_Sp_90Mhz
697.38875	17.53762449424214	229.2975412387177	4.0	O_Sp_90Mhz
717.9341999999999	17.946035456299974	226.56694017094014	4.0	O_Sp_90Mhz
751.28525	17.89226574500768	228.1705069124424	4.0	O_Sp_90Mhz
680.1168	18.187080128205128	230.67051851851852	3.8239245014245014	O_Sp_90Mhz
700.5	17.91777025058275	227.60223110223112	3.760129453879454	O_Sp_90Mhz
748.7146	17.71844391025641	226.64871794871797	3.96875	O_Sp_90Mhz
765.4182000000001	17.929217236467235	226.13732193732193	4.0	O_Sp_90Mhz
740.01075	18.05560635579018	228.06349206349205	4.0	O_Sp_90Mhz
725.0618000000001	17.34628766788767	227.7371916971917	4.0	O_Sp_90Mhz
745.4492	18.18913371980676	228.99649597423507	4.0	O_Sp_90Mhz
765.00025	18.331607744107743	228.45069745069745	4.0	O_Sp_90Mhz
742.3656	18.26423403540904	227.9129181929182	4.0	O_Sp_90Mhz
740.0348	17.957666912035332	226.01945172130928	3.9604615384615385	O_Sp_90Mhz
714.004	17.01064182194617	225.0208313425705	4.0	O_Sp_90Mhz
699.126	16.540537094017093	230.0597834757835	3.9031018518518517	O_Sp_90Mhz
726.6982499999999	18.469444330179627	230.5381873028932	3.796029583161936	O_Sp_90Mhz
708.3982	17.99661438366838	227.37246376811595	3.8417309782608697	O_Sp_90Mhz
762.749	18.31859126984127	227.33939393939394	4.0	O_Sp_90Mhz
730.452	18.3002	227.7450980392157	3.9019607843137254	O_Sp_90Mhz
760.3408	18.142451818334173	229.2324786324786	3.9615384615384612	O_Sp_90Mhz
722.437	17.729524567184733	229.9419765230507	4.0	O_Sp_90Mhz
670.4105	17.255023684210528	231.6030769230769	4.0	O_Sp_90Mhz
665.2529999999999	17.55746656057592	226.30847997318588	3.837962962962963	O_Sp_90Mhz
704.5074999999999	17.970339618202598	229.33326611548026	4.0	O_Sp_90Mhz
758.22925	18.5757150621118	228.60571428571427	4.0	O_Sp_90Mhz
753.9538	18.572062232131795	225.8677150997151	3.9712692307692308	O_Sp_90Mhz
700.75425	18.931903846153844	227.73162393162394	3.8110982905982906	O_Sp_90Mhz
701.8794	18.83499862977602	228.73059288537553	3.570466199158486	O_Sp_90Mhz
811.9394	19.853687557354924	226.19955495576545	3.939793732193732	O_Sp_90Mhz
815.9	19.517642346079842	226.996632996633	3.9364257154882156	O_Sp_90Mhz
808.243	19.129985897435898	228.01367521367519	3.927926994301994	O_Sp_90Mhz
786.2139999999999	18.518588575268815	228.65247311827957	3.9934000000000003	O_Sp_90Mhz
701.3276	18.392951923076925	227.29757834757834	3.9371250000000004	O_Sp_90Mhz
753.747	19.863001129305477	225.9433465085639	4.0	O_Sp_90Mhz
747.4376666666667	19.3900598735755	226.01735904061482	3.996020671834625	O_Sp_90Mhz
769.974	19.355182880844644	228.57555555555555	4.0	O_Sp_90Mhz
745.6714	20.087907491201612	228.22574157868274	4.0	O_Sp_90Mhz
724.3796	19.244288678310415	226.6867724867725	3.8770879629629627	O_Sp_90Mhz
792.31525	19.6615115995116	232.42612942612942	4.0	O_Sp_90Mhz
805.344	19.134903662509828	226.46549526270456	4.0	O_Sp_90Mhz
804.70375	19.709258814102565	229.7812971342383	3.989583333333333	O_Sp_90Mhz
755.3836	18.413319381598793	230.60422322775267	3.993615384615384	O_Sp_90Mhz
722.40425	18.75799456521739	224.2213491017839	4.0	O_Sp_90Mhz
779.8098	18.807214259259258	229.24029629629632	4.0	O_Sp_90Mhz
704.7326	18.504844716732542	227.01626350461135	4.0	O_Sp_90Mhz
765.96475	18.430259125188535	225.9926462208815	4.0	O_Sp_90Mhz
823.6874	19.19828463131072	229.74289536550404	4.0	O_Sp_90Mhz
784.9528	18.550198717948717	225.17350427350425	4.0	O_Sp_90Mhz
764.53125	18.629523709985666	227.53129479216437	4.0	O_Sp_90Mhz
820.3322499999999	19.04550394736842	233.06278637770896	4.0	O_Sp_90Mhz
628.2322	18.85527037037037	228.21222222222224	4.0	O_Sp_90Mhz
440.9678333333333	18.100585408150625	220.33576994900523	4.0	O_Sp_90Mhz
411.4508333333333	18.067176771497426	213.32074259074258	3.9551846153846153	O_Sp_90Mhz
506.3352	17.521869273182958	217.0509356777524	3.986363636363636	O_Sp_90Mhz
498.04283333333325	15.634910664957104	176.65669856459328	3.834497607655502	O_Sp_90Mhz
484.82579999999996	19.176776922816785	224.32383863795658	3.6172592630929117	O_Sp_90Mhz
503.6008	16.418647681294736	184.60846560846562	3.982571428571428	O_Sp_90Mhz
441.195	17.62691391941392	220.09840293040293	3.9856000000000003	O_Sp_90Mhz
438.771	18.104265262515263	219.73611789445124	3.908987654320988	O_Sp_90Mhz
516.9468571428571	18.113846629560914	216.87623804766662	3.9643650793650798	O_Sp_90Mhz
790.16725	18.766429738562092	224.39923747276688	4.0	O_Sp_90Mhz
756.0886	19.383372766832487	227.5451223967848	4.0	O_Sp_90Mhz
724.8592000000001	18.923198302090064	229.2658599439776	3.849657777777778	O_Sp_90Mhz
707.51175	18.208400396825397	228.67409035409037	3.9519230769230766	O_Sp_90Mhz
706.6088	17.97998203792309	227.0806124401914	3.8804713804713806	O_Sp_90Mhz
686.9268	18.71881455026455	228.88302068302067	3.6807744107744105	O_Sp_90Mhz
569.4282000000001	17.80126327838828	221.02490842490843	3.964285714285714	O_Sp_90Mhz
428.258	17.103929005847952	225.23014398741952	3.956916666666667	O_Sp_90Mhz
405.2526	17.454865082956257	222.1611111111111	3.9585833333333333	O_Sp_90Mhz
626.7065	18.048499999999997	225.22916666666666	3.875	O_Sp_90Mhz
632.54975	18.96796038587849	229.6973496722713	4.0	O_Sp_90Mhz
466.48400000000004	18.77401142857143	210.59955677655677	3.996153846153846	O_Sp_90Mhz
675.925	18.247667619047622	221.44221428571427	4.0	O_Sp_90Mhz
712.58725	17.116497614227878	226.77606275303643	4.0	O_Sp_90Mhz
730.0818	18.15453590643275	227.07738011695906	3.8815555555555554	O_Sp_90Mhz
672.7860000000001	17.980180921052636	227.81410422608246	3.7027691804943395	O_Sp_90Mhz
677.385	17.859163914232454	228.0379975527835	3.866192377495463	O_Sp_90Mhz
682.7474	16.89517809330629	229.67981068289382	3.9653103448275866	O_Sp_90Mhz
673.5914	18.184559605911332	221.06785938199732	3.8545454545454545	O_Sp_90Mhz
408.15860000000004	16.757683272283273	184.27227513227513	4.0	O_Sp_90Mhz
642.3318333333333	18.140883811858075	220.21013317607745	3.9895833333333335	O_Sp_90Mhz
806.914	18.941468353174603	229.98257381113365	3.982794117647059	O_Sp_90Mhz
820.4280000000001	19.132280425200936	227.24914285714286	3.8881669691470053	O_Sp_90Mhz
795.55375	19.43288725188351	229.30042016806723	3.890446428571429	O_Sp_90Mhz
861.1776	20.869044918810438	228.94021528918083	4.0	O_Sp_90Mhz
832.5242000000001	20.320611594202898	226.31533471359558	4.0	O_Sp_90Mhz
776.803	19.310450469490853	226.53718956985745	4.0	O_Sp_90Mhz
803.6856	19.614053489278753	229.1293099415205	4.0	O_Sp_90Mhz
817.8215	20.051288533834587	228.5885714285714	4.0	O_Sp_90Mhz
828.2873999999999	19.53484576489533	227.2449082125604	4.0	O_Sp_90Mhz
793.9674	19.65849262043999	224.93053707064595	4.0	O_Sp_90Mhz
765.7975	19.577602339181286	223.54908103592314	4.0	O_Sp_90Mhz
804.33225	19.976241141251222	225.81358111266948	4.0	O_Sp_90Mhz
738.269	19.23037098151497	225.99444444444444	3.955357142857143	O_Sp_90Mhz
798.6122	18.68508454325469	227.49409961685825	4.0	O_Sp_90Mhz
812.611	19.172940373563222	230.35919540229884	4.0	O_Sp_90Mhz
713.0622000000001	17.50199331353231	226.8944190089829	4.0	O_Sp_90Mhz
796.413	18.122727011494252	229.60919540229884	4.0	O_Sp_90Mhz
762.4724	19.965351495726498	229.60455840455842	3.9503	O_Sp_90Mhz
663.5254	18.120037295160976	230.0150915750916	3.6993117890881053	O_Sp_90Mhz
720.8864	18.825016132284738	228.38442105263158	3.6248668058076228	O_Sp_90Mhz
729.92725	18.074287834745505	230.3913043478261	3.87295970066176	O_Sp_90Mhz
658.08	17.36240354679803	231.18104433497538	3.7307368637110017	O_Sp_90Mhz
603.19075	16.515271072796935	230.0504214559387	3.5784756704980842	O_Sp_90Mhz
683.0762	17.046832344553064	229.30125573116925	3.477040981143415	O_Sp_90Mhz
662.4166	18.640872286079183	229.14185655710156	3.6854722222222223	O_Sp_90Mhz
659.7235000000001	17.16785856834391	227.85519858666493	3.7463102793954066	O_Sp_90Mhz
569.9487999999999	16.97043141762452	231.5183141762452	3.3139432950191567	O_Sp_90Mhz
577.0688	17.410916718266254	229.16544891640865	3.3593931174089073	O_Sp_90Mhz
624.487	18.674020000459517	228.64339674662256	3.1797670250896055	O_Sp_90Mhz
640.6358	17.046014761904765	226.5976814764183	3.417577922077922	O_Sp_90Mhz
657.15825	18.13103034188034	230.67427055702916	3.2959162245800178	O_Sp_90Mhz
605.4721999999999	17.021927669712152	225.11038412417724	3.347732255133117	O_Sp_90Mhz
698.53475	17.302561253561255	227.83646723646723	3.5764601139601138	O_Sp_90Mhz
709.087	17.73395769928801	228.41426999860397	3.8787168784029036	O_Sp_90Mhz
719.146	17.240672839954293	228.0064319419238	3.8039201451905624	O_Sp_90Mhz
666.49625	17.33734704972935	228.6804384185616	3.601722833113887	O_Sp_90Mhz
570.95525	15.534245014245013	228.44159544159544	3.5210563802669066	O_Sp_90Mhz
705.62425	16.309473684210527	228.78221415607987	3.9171642468239565	O_Sp_90Mhz
649.7782	16.971701167670133	226.79867907316185	3.692701058201058	O_Sp_90Mhz
607.0404000000001	15.651265720081136	229.2077079107505	3.7035780933062883	O_Sp_90Mhz
652.9585	16.81169184981685	230.25457875457877	3.5924339896214894	O_Sp_90Mhz
677.5426	17.388345704003598	227.22720390720391	3.541979853479853	O_Sp_90Mhz
761.3372	18.39046449664057	229.93337198067633	3.6805437761674717	O_Sp_90Mhz
618.8446	17.39082399665552	225.12230118914903	3.8806239316239313	O_Sp_90Mhz
650.3050000000001	18.358276517443034	224.45406331921757	3.67598440545809	O_Sp_90Mhz
748.367	18.189372246957262	228.2052083149049	3.769522071846282	O_Sp_90Mhz
672.599	17.864953359858532	230.30663129973476	3.7255349248452694	O_Sp_90Mhz
787.9398	18.322681841355525	226.71275453591244	3.8867340170940166	O_Sp_90Mhz
775.0938	18.362080442433385	226.59638009049772	3.8865228758169934	O_Sp_90Mhz
752.885	17.67897449424214	228.10756302521008	3.803657142857143	O_Sp_90Mhz
720.9974	17.40481601953602	227.93273422873426	3.8182154985754986	O_Sp_90Mhz
751.8036	18.300890756302522	229.34285714285716	3.795179271708683	O_Sp_90Mhz
648.6005	16.507134139080733	227.4917157146259	3.83468487394958	O_Sp_90Mhz
670.15	18.22353308913309	228.28392673992676	3.341313186813187	O_Sp_90Mhz
727.379	17.84837037037037	230.1259259259259	3.7386296296296293	O_Sp_90Mhz
720.4929999999999	18.880128774928778	228.0544309491678	3.6769920227920228	O_Sp_90Mhz
630.976	16.709015921855922	229.3049312169312	3.4362142857142857	O_Sp_90Mhz
703.2125	16.06355829831933	228.33193277310926	3.808143382352941	O_Sp_90Mhz
714.6302	17.644197534716803	227.94323607427054	3.705895966609455	O_Sp_90Mhz
660.1456666666667	17.504682017543857	226.21307521106095	3.4680680617205666	O_Sp_90Mhz
671.4046000000001	16.811005396825397	228.94628348649402	3.641136591478697	O_Sp_90Mhz
664.56475	16.60728844525106	229.6072622168448	3.6365894736842104	O_Sp_90Mhz
696.1974	18.22970452991453	227.16560683760684	3.558684786324786	O_Sp_90Mhz
705.6775	17.36595185185185	226.3904761904762	3.7411408730158726	O_Sp_90Mhz
753.5408	17.970229842128422	230.368406366378	3.82031512605042	O_Sp_90Mhz
694.6656	17.99749374886492	227.32783698376375	3.751644044894846	O_Sp_90Mhz
703.495	17.549228347578346	231.60219780219782	3.7251497252747257	O_Sp_90Mhz
791.9613999999999	18.00508031746032	223.22215538847118	4.0	O_Sp_90Mhz
757.2203999999999	17.897112698412695	223.82257387057388	4.0	O_Sp_90Mhz
761.5341999999999	17.941527347781214	227.56750372663686	3.9667538126361657	O_Sp_90Mhz
722.7379999999999	17.54942090803933	229.08906882591094	3.8225412087912085	O_Sp_90Mhz
703.543	17.065981642512078	228.84152380952384	3.6890079365079367	O_Sp_90Mhz
758.56375	17.94786295701677	227.92112243473406	4.0	O_Sp_90Mhz
777.2692	18.485403906989696	227.1566984126984	4.0	O_Sp_90Mhz
787.2695	17.35411306042885	226.32212475633528	4.0	O_Sp_90Mhz
787.7598	18.10017050875051	229.41046479446476	3.960230769230769	O_Sp_90Mhz
775.8684000000001	17.824511336158395	227.45521798462974	4.0	O_Sp_90Mhz
813.146	17.739316029830736	225.54213052742466	4.0	O_Sp_90Mhz
748.9048	17.868413059660647	228.7880678708265	4.0	O_Sp_90Mhz
743.8724	17.51402932849365	227.53354950594877	4.0	O_Sp_90Mhz
738.5	17.550067616959065	230.58020050125313	4.0	O_Sp_90Mhz
766.9302	17.559767679588006	228.38194321642595	4.0	O_Sp_90Mhz
718.69175	16.912789351851853	226.05740740740742	4.0	O_Sp_90Mhz
670.6676	16.303813300492614	228.0106622879037	3.9655172413793105	O_Sp_90Mhz
641.3362500000001	15.439568428242124	228.34075049315425	4.0	O_Sp_90Mhz
600.78825	15.332232142857144	227.5	3.711517857142857	O_Sp_90Mhz
735.1876	16.241679976422045	228.85145888594167	3.9628461538461535	O_Sp_90Mhz
758.961	17.31373058194454	226.70401806008212	4.0	O_Sp_90Mhz
752.56225	17.103535915573957	225.34799861973775	4.0	O_Sp_90Mhz
726.1632	16.815639922027295	228.40715789473683	4.0	O_Sp_90Mhz
715.3489999999999	16.977887799564268	228.1581699346405	3.974470588235294	O_Sp_90Mhz
749.09975	16.761427492877495	227.27692307692308	3.9367592592592593	O_Sp_90Mhz
852.202	21.553903733693208	226.36860098965363	4.0	O_Sp_90Mhz
772.574	19.028661268556004	223.50071974808816	4.0	O_Sp_90Mhz
844.61175	21.152337588881707	225.41529304029302	4.0	O_Sp_90Mhz
830.517	22.172133970514743	227.7547599729547	4.0	O_Sp_90Mhz
815.719	19.957293388644025	225.4899144412756	4.0	O_Sp_90Mhz
779.4195	19.684817708333334	225.63641826923077	4.0	O_Sp_90Mhz
805.1326	18.656792545023034	226.59653776350692	4.0	O_Sp_90Mhz
790.399	19.770213293650794	224.19775132275134	4.0	O_Sp_90Mhz
801.9066	18.27441572296755	226.00877605779155	4.0	O_Sp_90Mhz
772.8926	18.045345683173448	226.19955362544292	3.9975428571428573	O_Sp_90Mhz
750.982	17.536498538011696	227.23875781407543	4.0	O_Sp_90Mhz
742.268	17.569494225408203	227.4573141336016	3.858517260894171	O_Sp_90Mhz
788.9838	18.609763333333333	224.70704761904761	4.0	O_Sp_90Mhz
811.3116	19.391917753786178	223.68146798620484	4.0	O_Sp_90Mhz
809.28475	18.329992690058482	226.65737874097007	4.0	O_Sp_90Mhz
838.3072	19.526654135338344	229.13734335839598	4.0	O_Sp_90Mhz
791.2547500000001	18.631842830882352	226.92542016806723	4.0	O_Sp_90Mhz
822.6396000000001	19.279506740944242	224.83015873015876	4.0	O_Sp_90Mhz
778.505	18.42556	226.2266666666667	4.0	O_Sp_90Mhz
841.47425	20.38168170640276	226.148693957115	4.0	O_Sp_90Mhz
827.783	18.49291115900383	224.2432183908046	4.0	O_Sp_90Mhz
830.6653333333334	19.294298715041574	228.9180045351474	3.9333333333333336	O_Sp_90Mhz
769.9342	18.689878104575165	226.23683593095356	4.0	O_Sp_90Mhz
842.1398000000002	20.058192457639827	226.34737767495662	4.0	O_Sp_90Mhz
843.5714	21.45970934280145	227.3172305764411	4.0	O_Sp_90Mhz
812.00225	18.40818561159844	228.44005847953215	4.0	O_Sp_90Mhz
842.328	20.549707207207206	222.84424603174602	4.0	O_Sp_90Mhz
832.6414000000001	20.040352055352052	228.97411477411478	4.0	O_Sp_90Mhz
850.9358	21.583246168582377	226.28427428442643	3.996551724137931	O_Sp_90Mhz
813.4110000000001	21.78251817298728	227.27357859531773	4.0	O_Sp_90Mhz
818.9212	19.068997150997152	227.0880341880342	4.0	O_Sp_90Mhz
847.3815	21.12252936119368	227.06495890890017	4.0	O_Sp_90Mhz
784.823	19.314755435822757	227.22384447051132	4.0	O_Sp_90Mhz
764.0150000000001	17.68716793555029	227.4450094567742	4.0	O_Sp_90Mhz
809.5427999999999	20.108860016420362	228.112162014231	4.0	O_Sp_90Mhz
818.8825	19.80708905228758	225.4313725490196	4.0	O_Sp_90Mhz
841.26825	20.192616071428567	225.6264119417168	4.0	O_Sp_90Mhz
737.69	18.512737003373314	227.80194902548726	4.0	O_Sp_90Mhz
787.246	18.327615512680165	228.4830140485313	4.0	O_Sp_90Mhz
707.9364	18.13675731675732	227.34125874125874	4.0	O_Sp_90Mhz
768.9214	18.16844260097201	228.91685765965684	3.944444444444444	O_Sp_90Mhz
770.6824	18.43073760488177	226.90083905415713	4.0	O_Sp_90Mhz
750.6885	17.014430555555556	225.34814814814814	3.9642857142857144	O_Sp_90Mhz
774.09375	17.96132658102767	229.5441370223979	3.895833333333333	O_Sp_90Mhz
761.9768	18.041534547152192	228.97647058823532	3.964285714285714	O_Sp_90Mhz
598.903	15.295501322751322	228.64761904761906	3.9166666666666665	O_Sp_90Mhz
735.32775	16.752560536615512	229.05499536512514	3.9863013698630136	O_Sp_90Mhz
789.6913999999999	18.35594044191103	232.70808485632014	3.956083916083916	O_Sp_90Mhz
742.5174	16.5973599378882	235.04447204968946	4.0	O_Sp_90Mhz
733.26	17.20989253729215	233.8593822195602	3.9519230769230766	O_Sp_90Mhz
691.3832	15.684809032258064	235.3746627565982	4.0	O_Sp_90Mhz
705.194	16.099940969899666	234.07317725752506	3.9451923076923077	O_Sp_90Mhz
660.9626000000001	15.535843356643358	235.02685314685314	4.0	O_Sp_90Mhz
557.27225	14.23240962009804	222.71047794117646	4.0	O_Sp_90Mhz
496.7802	13.21349952016794	232.31248762932972	3.9103313840155947	O_Sp_90Mhz
626.5516	14.181971235334714	232.53806487232572	3.9205600000000005	O_Sp_90Mhz
695.5235	15.318721719457013	234.5656108597285	3.9632352941176467	O_Sp_90Mhz
669.5582	15.670365502825064	235.3978237448826	4.0	O_Sp_90Mhz
681.837	16.06996856624478	231.77100793494657	3.9507777777777777	O_Sp_90Mhz
666.354	15.252957875457877	233.99267399267399	3.895833333333333	O_Sp_90Mhz
766.6496	17.155424433497537	235.3905418719212	4.0	O_Sp_90Mhz
779.9808	17.486663193658618	235.0839322386233	4.0	O_Sp_90Mhz
775.20925	18.29925797448166	228.3914772727273	4.0	O_Sp_90Mhz
763.6676	17.7663421062578	234.56172334001067	3.995238095238095	O_Sp_90Mhz
787.9715	19.12915579710145	230.99458333333334	4.0	O_Sp_90Mhz
385.3125	18.017083333333332	222.45833333333334	4.0	O_Sp_90Mhz
