Tput(Mbps)	MCS	RBs	layers	config
411.5025	14.222914583571503	181.3799717862231	4.0	V_It_90Mhz
582.2099999999999	14.820634022997584	203.76012800205228	4.0	V_It_90Mhz
630.1936	13.519723285128027	205.48705206512787	4.0	V_It_90Mhz
616.9261111111111	12.036111864667426	194.91427644946927	4.0	V_It_90Mhz
510.9188571428571	7.659963021926946	207.25928166945695	3.9200709973020325	V_It_90Mhz
487.89637500000003	5.534903929120483	207.39239764235512	3.905503910407883	V_It_90Mhz
555.088	2.0072423738144236	207.14381145685016	3.4857227759871017	V_It_90Mhz
570.7926666666667	3.4869281434648194	207.68910478968894	3.442905195272008	V_It_90Mhz
679.1655000000001	3.567611302892214	208.3064940269459	3.592032340371098	V_It_90Mhz
480.45500000000004	5.774222913681798	207.13315540935335	3.7197120646915973	V_It_90Mhz
476.592125	4.8192382908646	206.96879127793557	3.776148309969215	V_It_90Mhz
675.821	4.5414817523766216	207.72846735548706	3.622156821289186	V_It_90Mhz
497.854875	4.4323140957530835	207.64835670648688	3.8205171162942855	V_It_90Mhz
617.5844444444444	10.610493638196328	206.36200897536017	4.0	V_It_90Mhz
511.3326666666666	13.667339515725745	199.01107445123523	4.0	V_It_90Mhz
609.3380999999999	15.213507286566912	198.14974767616337	4.0	V_It_90Mhz
651.5729	14.540290299006418	208.02014271230414	4.0	V_It_90Mhz
650.3564444444445	15.636033015800669	205.72407671510527	4.0	V_It_90Mhz
634.0968	16.766715243803496	207.86970672368835	4.0	V_It_90Mhz
639.0289	15.597173152658034	208.06108269883944	4.0	V_It_90Mhz
628.0775555555556	15.792246439295655	207.38639229953907	4.0	V_It_90Mhz
695.6194	17.335149281027206	208.2859393894549	4.0	V_It_90Mhz
665.2876	19.5613158581125	203.92784648865944	4.0	V_It_90Mhz
737.2002222222222	20.32310490211708	207.73807489937732	4.0	V_It_90Mhz
755.4697777777778	19.51925382413748	207.31543198486818	4.0	V_It_90Mhz
684.7143333333333	17.993905398651307	207.07045443563928	4.0	V_It_90Mhz
575.8692727272727	17.5919630659432	197.13762281131602	4.0	V_It_90Mhz
640.5994444444445	17.526327194635645	204.28360982505382	4.0	V_It_90Mhz
595.1083333333333	14.389565696259057	206.9678999663067	4.0	V_It_90Mhz
639.2049999999999	15.097933103893764	167.31746256406757	4.0	V_It_90Mhz
659.847888888889	15.919134373873069	178.60422824040918	4.0	V_It_90Mhz
595.0708000000001	15.965386313730624	207.10982768896483	4.0	V_It_90Mhz
668.1567777777777	17.44206923132759	199.27519976072682	4.0	V_It_90Mhz
664.9471000000001	18.577519510940544	200.73387772074847	4.0	V_It_90Mhz
666.463	19.170568629542167	195.86767681006535	3.91475	V_It_90Mhz
727.0166666666667	19.532487536989514	197.1630257335002	4.0	V_It_90Mhz
621.3084444444444	19.293771446145655	202.73939803524607	4.0	V_It_90Mhz
649.812	17.80225288941804	201.94290453665394	4.0	V_It_90Mhz
590.0672	16.156078357984658	202.6991581975098	4.0	V_It_90Mhz
761.5168888888888	18.161109513019362	203.1719770279511	4.0	V_It_90Mhz
705.5878888888889	19.287836368432156	207.52147991971026	4.0	V_It_90Mhz
740.0512	19.70867879546183	207.35805873828136	4.0	V_It_90Mhz
708.8226999999999	18.863501098767184	207.7481448243961	4.0	V_It_90Mhz
665.83125	17.769425973169092	197.19876477880106	4.0	V_It_90Mhz
637.521111111111	15.947480278393344	201.1832913125966	4.0	V_It_90Mhz
625.0348	15.137638093092932	203.4180019949285	4.0	V_It_90Mhz
672.3871111111112	18.253228105632875	199.90168949877312	4.0	V_It_90Mhz
653.3286	18.94491581051623	198.84783128165367	4.0	V_It_90Mhz
672.3622222222223	18.693075399247736	206.0507862710686	4.0	V_It_90Mhz
702.5577000000001	19.73703416810161	201.9104004802529	4.0	V_It_90Mhz
695.022	19.784733805381553	204.35968744162307	4.0	V_It_90Mhz
701.0677777777778	19.789926740571786	197.51314653664267	4.0	V_It_90Mhz
714.7264444444444	20.052725131227493	202.61770397030458	3.987277776630601	V_It_90Mhz
562.2625	14.037019214281377	207.51805490421938	3.90430318795185	V_It_90Mhz
510.13860000000005	9.454331916994882	207.1980397288383	3.6677588022099874	V_It_90Mhz
504.76514285714285	6.263980250623905	207.01696763260625	2.9968572291138265	V_It_90Mhz
567.3943	12.062097100693428	207.71495555921038	3.999118348256013	V_It_90Mhz
632.3306666666667	14.46168744602502	204.3112686856483	4.0	V_It_90Mhz
720.8443333333333	18.563652925143973	205.32970697261064	4.0	V_It_90Mhz
764.8643333333334	20.54730010690447	207.18648969072345	4.0	V_It_90Mhz
745.4977	20.271030462098246	207.35799817716628	4.0	V_It_90Mhz
688.9571111111111	19.537198430129795	200.8883166803554	4.0	V_It_90Mhz
701.6391	20.170072777496852	199.85748905761827	4.0	V_It_90Mhz
610.6195	19.17522881426017	185.64339832738165	4.0	V_It_90Mhz
771.198875	20.09572999367984	207.18340611988492	4.0	V_It_90Mhz
705.0305999999999	20.539860815064827	201.9621176396792	4.0	V_It_90Mhz
774.4135	19.957153539974744	203.83103238614362	4.0	V_It_90Mhz
713.01875	18.826767438146902	207.77484675614502	4.0	V_It_90Mhz
687.8124	18.799970457581633	206.87501938988962	4.0	V_It_90Mhz
721.7591	19.486736701335026	206.02358250629487	4.0	V_It_90Mhz
757.5152222222222	19.827988938885166	206.10750450437556	4.0	V_It_90Mhz
746.8015	21.132036303457163	206.43601153500708	4.0	V_It_90Mhz
772.9451111111111	19.01375011519852	206.9172870780847	4.0	V_It_90Mhz
686.8992222222222	19.922658269430183	207.28254154166564	4.0	V_It_90Mhz
647.1293	15.661798835876564	205.0563357843668	4.0	V_It_90Mhz
699.552	17.417083642717856	208.90801908906587	4.0	V_It_90Mhz
697.4692222222222	18.69315487798485	206.2775451924568	4.0	V_It_90Mhz
717.9417	18.799430662256423	203.40635317322543	4.0	V_It_90Mhz
655.6126	19.478299277304163	204.62273772808393	3.9560174832208284	V_It_90Mhz
646.4037777777778	16.221791420705436	205.32916577130092	3.904109077708867	V_It_90Mhz
617.8757777777778	13.705334524776948	207.94778463429986	3.974526014232272	V_It_90Mhz
645.6243999999999	15.967291970135161	206.61763750781793	3.999999999999988	V_It_90Mhz
607.1145555555555	12.75254758040223	207.2722036760607	4.0	V_It_90Mhz
593.2679	12.695889531965276	207.99145425974513	4.0	V_It_90Mhz
644.43725	14.094427109660838	206.87248009202935	4.0	V_It_90Mhz
696.2125	17.112276985886187	206.75446542217483	4.0	V_It_90Mhz
573.4118000000001	13.102979440351405	207.16476563544484	4.0	V_It_90Mhz
616.1042222222222	12.756255737751323	206.6058075892008	3.9009562377169535	V_It_90Mhz
593.7678	15.630791076777735	205.66923634010968	3.9598360317231496	V_It_90Mhz
701.983	17.528556860441224	206.34881013309487	3.901763674643946	V_It_90Mhz
743.1662	20.10427682307865	207.6742893005211	3.9990528322620142	V_It_90Mhz
639.776888888889	17.226162496794345	208.65489637998243	3.9532989185799963	V_It_90Mhz
631.3314	16.68775727931914	203.14127732300443	3.999999999999767	V_It_90Mhz
650.9554444444444	18.544673503631046	200.29492018848157	4.0	V_It_90Mhz
556.2792727272728	18.78250885380128	200.0657753670491	4.0	V_It_90Mhz
689.3434444444445	19.214545390264576	207.00698919701333	4.0	V_It_90Mhz
651.8366666666666	18.93764843244409	206.67566979730296	4.0	V_It_90Mhz
703.612909090909	20.32847639907667	205.48096379910447	4.0	V_It_90Mhz
728.714875	18.577237258400753	200.51607751294546	4.0	V_It_90Mhz
637.8446	18.401110664676832	206.55498219990014	4.0	V_It_90Mhz
666.6982222222222	17.309228559049444	207.91851762321528	4.0	V_It_90Mhz
663.0342	17.835903867626563	206.0772003410181	4.0	V_It_90Mhz
638.6168	18.37886039218966	196.60633822684522	4.0	V_It_90Mhz
592.7881111111111	17.279583951899408	205.40573944572338	4.0	V_It_90Mhz
480.20700000000005	14.886164371577246	206.59799853098824	4.0	V_It_90Mhz
619.3054999999999	14.550063577854084	206.9444076763078	4.0	V_It_90Mhz
620.8056666666666	17.11614982336735	208.4913610501508	4.0	V_It_90Mhz
665.9826666666667	15.807896281445974	206.97635789906496	4.0	V_It_90Mhz
717.9534	17.27666965744381	208.03983699950754	4.0	V_It_90Mhz
729.5516666666667	19.237355362323854	207.80777023519386	4.0	V_It_90Mhz
702.8614	19.41091241888006	205.3286991834196	4.0	V_It_90Mhz
626.3144	18.88176092154847	206.21869602683228	4.0	V_It_90Mhz
627.6843333333333	17.569221786313694	190.69299122237862	4.0	V_It_90Mhz
684.8282222222222	21.319006036515336	199.74894534210273	4.0	V_It_90Mhz
630.4775	18.455934646020914	207.1421662773132	4.0	V_It_90Mhz
546.4806	10.229460077961328	206.96901083426982	3.8770625361987827	V_It_90Mhz
559.7305	15.20416496971066	204.98654184039046	3.999993510818444	V_It_90Mhz
675.08775	18.642052994662446	193.72803727235697	4.0	V_It_90Mhz
674.5224999999999	18.9927247393429	191.11942577687836	4.0	V_It_90Mhz
751.8395	19.733919142033567	208.60229899175266	4.0	V_It_90Mhz
600.31275	15.681295738281436	206.6332676776679	4.0	V_It_90Mhz
488.784375	8.313077555567146	201.63236395452907	3.424124388185596	V_It_90Mhz
508.85110000000003	9.165348416063951	206.6387149188497	3.911840223360277	V_It_90Mhz
683.25825	14.815472489143563	206.98184078094897	3.99999999401815	V_It_90Mhz
754.7335555555555	17.64436507323505	207.38897981110236	4.0	V_It_90Mhz
711.3023000000001	19.45267874013007	206.23623196991198	4.0	V_It_90Mhz
630.2632222222222	19.953165668890406	204.1769610712845	4.0	V_It_90Mhz
654.2787000000001	19.37428590406222	193.83818991441174	4.0	V_It_90Mhz
692.786375	19.11816990103033	207.9084544641244	4.0	V_It_90Mhz
751.7774444444444	17.706241871384634	207.8026458486861	4.0	V_It_90Mhz
735.7901111111111	18.542826825175467	207.70083441037988	4.0	V_It_90Mhz
654.0677499999999	18.897504547244754	203.77409540968273	4.0	V_It_90Mhz
541.416	0.9688689940353713	15.253454616157162	2.928571428571429	V_It_90Mhz
605.097	9.94308173614646	83.15497403735283	4.0	V_It_90Mhz
609.3475999999999	18.549095997386463	202.12962701475044	4.0	V_It_90Mhz
677.5341999999999	20.085075224137626	205.52429284435397	4.0	V_It_90Mhz
628.16225	18.597960530347525	209.45373556493035	3.9518518518518517	V_It_90Mhz
601.1476	17.166706474091306	199.72445970095697	3.9943219716712925	V_It_90Mhz
686.266	16.617087858835557	209.5008768565078	3.919540725237101	V_It_90Mhz
629.8381999999999	16.764876285434504	213.39079012962534	3.9212925096574587	V_It_90Mhz
694.0328000000001	16.918392209843876	208.60752311064385	3.9523327104714148	V_It_90Mhz
708.2335	17.23207531578072	207.25227145099328	3.9659887597057266	V_It_90Mhz
645.3430000000001	17.10169096989287	209.3886331757423	3.94453054513171	V_It_90Mhz
636.4377499999999	17.53489081210644	211.82492218149272	3.936020952306579	V_It_90Mhz
683.1904000000001	18.297673538653406	213.49581720696978	3.9753160067387228	V_It_90Mhz
627.0058	19.032740748537492	205.15654097423925	3.9939013202589577	V_It_90Mhz
653.3695	18.58444804307834	212.33160769200416	3.9451923076923077	V_It_90Mhz
630.1766	18.11403631827129	207.70618822653697	3.9644444444444447	V_It_90Mhz
603.7905000000001	18.19298003889554	207.82052390627268	3.956896551724138	V_It_90Mhz
613.5247999999999	18.049633448624302	212.21685733836574	3.9523809523809526	V_It_90Mhz
589.0608	18.43374041724271	214.0301011838002	3.9724347826086954	V_It_90Mhz
719.5785	18.46481872562938	209.19262312453117	4.0	V_It_90Mhz
651.9878000000001	17.373692155064205	208.32608052508016	4.0	V_It_90Mhz
593.662	18.26572557165131	206.83300830909926	3.9756153846153843	V_It_90Mhz
720.45375	16.985497493702333	206.93556486522033	3.956875	V_It_90Mhz
560.7622	16.950996007882672	208.20967736336698	3.869162902315076	V_It_90Mhz
612.0183999999999	18.25222228311727	211.07262331436633	4.0	V_It_90Mhz
645.8108	18.28251607051051	211.87071131522416	4.0	V_It_90Mhz
632.40475	17.011064056235607	212.68993588027936	4.0	V_It_90Mhz
708.26675	18.154149639706446	202.36989736012654	4.0	V_It_90Mhz
557.3353999999999	16.800702036895093	212.43324285651457	3.939193043478261	V_It_90Mhz
732.2198000000001	16.63824945075283	206.16560612490403	3.9692307692307693	V_It_90Mhz
821.5992	17.16498012296127	208.2237418876661	3.948689366786141	V_It_90Mhz
840.55225	18.063529019456894	207.78106418141323	3.9463	V_It_90Mhz
845.7036	16.53767195104308	207.92556458738864	3.9666399999999995	V_It_90Mhz
826.05975	18.16958959469719	212.0041953392456	3.9519230769230766	V_It_90Mhz
836.792	17.67094965537125	202.60141125526798	3.835690476190476	V_It_90Mhz
823.9134	18.176820804477977	209.37624168918833	3.922448426573427	V_It_90Mhz
812.5319999999999	17.592777406672496	211.4911029705309	3.9583	V_It_90Mhz
861.3543999999999	16.46842919138188	209.68748492562153	4.0	V_It_90Mhz
829.50125	17.66752986440694	208.31978026608763	3.9521296296296295	V_It_90Mhz
870.8398	17.57075638341026	211.25722535307062	4.0	V_It_90Mhz
902.4326000000001	18.457017240760358	209.5067037898174	4.0	V_It_90Mhz
870.746	18.55919053475551	211.3170292433826	4.0	V_It_90Mhz
910.6878	18.609620952489177	210.69810040726583	3.9714285714285715	V_It_90Mhz
857.80925	18.279258751154174	209.4634897490783	4.0	V_It_90Mhz
788.3868	18.42919831605211	205.1109015137237	4.0	V_It_90Mhz
884.9559999999999	17.90971191521109	212.14154306678182	3.96525	V_It_90Mhz
944.82525	17.85425746785504	204.25162596260083	4.0	V_It_90Mhz
848.4916	17.78287747518933	208.97060437284227	4.0	V_It_90Mhz
886.2797999999999	17.176816672900934	208.24853253960765	4.0	V_It_90Mhz
893.10475	18.11655812141078	206.95319734600457	4.0	V_It_90Mhz
909.4513999999999	18.553086458007737	204.51070561617433	4.0	V_It_90Mhz
893.6833999999999	18.05361688955154	206.68457317298666	4.0	V_It_90Mhz
899.28625	18.071120181843888	206.57728583981532	3.9711538461538463	V_It_90Mhz
845.5328	17.812947578618072	208.70422110048918	3.9356264806206505	V_It_90Mhz
892.9961999999999	17.23242906126076	208.7437350718758	3.961458998310216	V_It_90Mhz
842.25	17.5917211087517	210.114904054816	3.9775734887827245	V_It_90Mhz
876.8662	16.946571660298854	207.3478895173045	3.942333848876693	V_It_90Mhz
862.211	17.500446092751922	208.3814142488692	3.911746023664466	V_It_90Mhz
830.7819999999999	17.849839555411116	205.5575969418347	4.0	V_It_90Mhz
794.34175	17.990206756696224	208.6718156135255	4.0	V_It_90Mhz
623.1049999999999	18.590337998421383	213.66602503280546	3.977357142857143	V_It_90Mhz
673.5504	18.635620037663625	208.47772178614326	4.0	V_It_90Mhz
725.79575	17.357524621034273	210.97540479954844	4.0	V_It_90Mhz
786.1877999999999	17.365056619471144	211.89888834475013	4.0	V_It_90Mhz
748.8622	17.575600251131938	204.15204051076006	3.9402233333333334	V_It_90Mhz
777.4757500000001	18.678660367849567	209.79104102711793	4.0	V_It_90Mhz
817.3186	18.293020657526963	204.9848251030773	3.9833076923076924	V_It_90Mhz
876.8870000000001	18.60979634270532	214.25300880712328	3.9549031986531986	V_It_90Mhz
928.1551999999999	18.057625035905268	207.4878381290864	4.0	V_It_90Mhz
917.1932	17.55123682483942	206.31976694761252	3.803469071618037	V_It_90Mhz
895.399	17.635385394821817	208.44590888194418	3.9733	V_It_90Mhz
918.9925999999999	18.67580723347207	211.23978090645505	4.0	V_It_90Mhz
916.9436	17.84362235539419	207.29153910442477	3.95976	V_It_90Mhz
871.72	18.050361627930695	209.867342409475	4.0	V_It_90Mhz
871.0298	18.358706132646297	210.6727336789213	4.0	V_It_90Mhz
820.19025	17.841873372696845	207.39188729353663	3.996346153846154	V_It_90Mhz
889.3072	18.29763368030025	209.67495799741528	4.0	V_It_90Mhz
809.794	17.91564540873948	210.64269306604723	4.0	V_It_90Mhz
885.3100000000001	18.53829523840338	209.56285078710934	3.9833076923076924	V_It_90Mhz
871.3077999999999	17.957935853542928	211.318300042199	3.9966015462292552	V_It_90Mhz
857.2505	18.280387122655636	210.06937922152468	3.9892877231878408	V_It_90Mhz
720.5219999999999	17.801552556335537	204.92007889381324	3.9998151592490254	V_It_90Mhz
473.968	19.036875977887078	211.65380978268792	4.0	V_It_90Mhz
697.434	17.9747560813603	209.96396845507053	4.0	V_It_90Mhz
781.02325	18.77550162408807	206.32345267358068	4.0	V_It_90Mhz
824.6576000000001	17.8587221925249	208.08635100833303	4.0	V_It_90Mhz
778.6232	18.460282861275697	212.12331827808754	4.0	V_It_90Mhz
830.7698	18.145386827334537	209.53457585862506	3.9655	V_It_90Mhz
832.5275	18.44961763634589	212.59399976067397	3.991941582509828	V_It_90Mhz
845.6343999999999	17.61396395734031	209.45085847383217	3.8652753102497903	V_It_90Mhz
821.6885	17.96581573676648	207.1412862423854	3.995558848699325	V_It_90Mhz
824.9363999999999	18.880997487576316	205.34560930593798	3.9910462106743383	V_It_90Mhz
793.6042	18.790543029341908	209.86542942294076	3.98845875780601	V_It_90Mhz
853.799	16.751416270597353	209.08890150948218	3.9305833333333333	V_It_90Mhz
853.6972	15.802103317216629	203.90442715034033	3.692027707553848	V_It_90Mhz
848.8545	15.223068454877557	210.6069654788333	4.0	V_It_90Mhz
816.5854	14.845631565132456	208.87061559207532	4.0	V_It_90Mhz
823.8302	16.19881042039394	212.36557974114493	4.0	V_It_90Mhz
838.90825	17.78701067197565	208.91356465208546	4.0	V_It_90Mhz
634.6082	17.727813574157132	205.85925499858496	3.9727272727272727	V_It_90Mhz
733.0064	16.4738133918821	209.46894095444523	3.769157196705291	V_It_90Mhz
804.72225	17.92980993574148	212.6798464848112	3.9440789473684212	V_It_90Mhz
844.6252000000001	18.353758136949278	205.68942318898516	3.9723675889328063	V_It_90Mhz
846.643	18.53224358862245	208.80830105652376	4.0	V_It_90Mhz
855.9082000000001	14.752460320701294	198.5262312910882	3.538419633699634	V_It_90Mhz
857.4886	8.011089344744878	199.17317888201714	3.0042783267457183	V_It_90Mhz
787.2403333333333	5.837181270404585	80.489114570725	2.9166666666666665	V_It_90Mhz
829.265	11.584889717380465	117.50938624789164	3.980952380952381	V_It_90Mhz
826.0648000000001	18.778625819089946	203.89516514516149	4.0	V_It_90Mhz
821.77175	19.129638402593873	211.25726259758295	4.0	V_It_90Mhz
831.0896	18.117448725157065	201.12171737036175	4.0	V_It_90Mhz
836.01425	17.882325693384495	190.2087391350114	4.0	V_It_90Mhz
772.521	18.575532016944187	202.26873289340944	4.0	V_It_90Mhz
820.8144	18.67686795674181	204.8362027182105	4.0	V_It_90Mhz
820.287	18.48411839547615	205.15691707642605	3.8811749482401656	V_It_90Mhz
821.046	18.291059258620688	211.56534374829388	3.9273333333333333	V_It_90Mhz
839.093	17.959685037857824	211.1800966021533	3.9862294896858055	V_It_90Mhz
826.0038000000001	18.2104301483775	211.08959185937994	3.999999979185676	V_It_90Mhz
814.4572000000001	18.340724620561986	205.17023737237645	4.0	V_It_90Mhz
853.13675	18.07434056091403	206.50336747133946	3.9270185185185182	V_It_90Mhz
826.314	18.66942567362355	209.5323630279391	4.0	V_It_90Mhz
819.64175	17.614437120037113	197.21233630850585	3.959274472919125	V_It_90Mhz
819.2028	17.649291718094325	210.5369767668175	3.9598063454078796	V_It_90Mhz
819.6064	17.487111249874634	189.73294739121013	3.9704004555426495	V_It_90Mhz
833.5799999999999	18.752402673218324	212.49762358562327	3.9999999999991536	V_It_90Mhz
844.7046	17.82757857900778	183.85965833094946	3.9203478260869566	V_It_90Mhz
822.7783999999999	18.42329851869625	209.76114527780138	4.0	V_It_90Mhz
795.1387500000001	18.453767102447568	199.11433637486726	4.0	V_It_90Mhz
825.9264	18.541357448489187	207.07931415917096	4.0	V_It_90Mhz
806.5427500000001	19.175673699482104	201.96093652292885	4.0	V_It_90Mhz
825.9636	18.90591033230543	197.62331206921706	3.976518518518519	V_It_90Mhz
828.405	18.35353599830227	202.63445032590897	4.0	V_It_90Mhz
807.39175	18.53072005469901	212.64340758739047	4.0	V_It_90Mhz
818.3304	18.476137499106937	204.99568456106294	3.982809523809524	V_It_90Mhz
783.1134	17.309476249632176	197.71640238051785	3.967923076923077	V_It_90Mhz
742.9612500000001	18.136543984004476	204.5955810918603	4.0	V_It_90Mhz
777.0236	18.329970317004232	207.50602772199585	3.9656	V_It_90Mhz
743.5382	18.504741176960202	210.68709236139298	3.9985185185185186	V_It_90Mhz
827.68175	17.675416926732417	183.26913757233424	3.9612756094403023	V_It_90Mhz
808.8675999999999	19.209141597898956	209.21798321065708	3.999230149843645	V_It_90Mhz
826.4304999999999	18.32545792367229	206.78407823630056	3.9075760068168846	V_It_90Mhz
814.347	18.598965366881565	211.36822629252742	3.9769100118125387	V_It_90Mhz
837.9245999999999	19.444253419412206	212.4664624014997	3.924646321836632	V_It_90Mhz
818.9875	18.653459211626647	204.85445588657146	3.951442599879845	V_It_90Mhz
685.8603999999999	18.545716014435676	202.88988673510835	3.954754529220545	V_It_90Mhz
770.0694	18.485231703875	210.96698285604808	3.9488708807134882	V_It_90Mhz
809.24725	18.68727941016272	207.80417640430227	3.9998489659106653	V_It_90Mhz
836.2492	18.696744636429806	209.6814134016894	3.9979120879120877	V_It_90Mhz
808.4205	18.297816413445744	200.73270364341994	3.9983539094650205	V_It_90Mhz
794.3168	18.183549968948995	198.88181831684815	3.965429885057471	V_It_90Mhz
789.60125	18.519455002142273	211.43244582100002	3.9976190476190476	V_It_90Mhz
748.1272	18.20466128961878	197.0859798705111	3.9166036363429884	V_It_90Mhz
795.9872	19.248295001735162	210.33319180301305	4.0	V_It_90Mhz
569.68775	18.483751886683542	201.21470531846097	3.821955603448276	V_It_90Mhz
339.8612	17.583793279112577	198.00351915515586	3.9298605200129466	V_It_90Mhz
332.64975	18.06094622351516	211.1260136868996	3.9951047101449277	V_It_90Mhz
534.9556	18.193612455126043	203.63202040197834	3.9639099040090344	V_It_90Mhz
762.2632	17.839422037648678	203.75977603091002	3.9666399999999995	V_It_90Mhz
834.665	18.697901407160238	209.8538015710416	3.981818181818182	V_It_90Mhz
827.8455	18.016068306113432	187.8960594830849	3.986607142857143	V_It_90Mhz
837.2076	18.721613326515637	208.36821778905937	4.0	V_It_90Mhz
767.6012499999999	17.386336841252362	204.23747480644417	3.9020487403186057	V_It_90Mhz
840.9974	17.76544611056196	203.9640539810585	3.8675410989010985	V_It_90Mhz
798.2711999999999	18.103913832142222	216.30867193713078	3.9858298059964725	V_It_90Mhz
756.77025	18.736727253675202	215.58819262886857	3.8751640028490026	V_It_90Mhz
735.5938	18.80101845215824	215.93825743302926	3.9415975000000003	V_It_90Mhz
727.3692	18.8839710546178	216.33353237242713	3.885371794871795	V_It_90Mhz
830.73725	18.05038291644583	214.89549363727036	3.996973214285714	V_It_90Mhz
858.4222	18.572682307354672	214.08480459803155	3.9516329503255365	V_It_90Mhz
823.79075	18.618377167366383	212.03689418318461	4.0	V_It_90Mhz
836.3222	18.938552253866934	216.04073616087243	3.968279202279202	V_It_90Mhz
867.443	18.31467101139261	215.98752776934938	3.9680500000000003	V_It_90Mhz
821.63325	19.11218926729183	216.53600307560697	4.0	V_It_90Mhz
693.0678	20.533992461437997	216.66710021696764	3.935810901001113	V_It_90Mhz
834.8254999999999	19.38864989852584	216.66537340486548	4.0	V_It_90Mhz
830.2719999999999	19.986274696488735	213.08761832947113	3.998857142857143	V_It_90Mhz
842.36	18.38568832567044	216.50636638543102	4.0	V_It_90Mhz
833.84375	17.64077321147598	215.89799122725458	3.955357142857143	V_It_90Mhz
793.7184	19.77317612814707	213.1725426273437	3.9986634615384617	V_It_90Mhz
821.9889999999999	20.281546852277906	216.1809490295649	4.0	V_It_90Mhz
833.538	18.64551850036655	215.64549346490537	3.9539285714285715	V_It_90Mhz
824.6234000000001	19.55498235206819	215.15600618014963	3.9482999999999997	V_It_90Mhz
815.324	19.33830161790365	216.65667748003747	4.0	V_It_90Mhz
832.2044	19.89606026979895	216.45075515807125	4.0	V_It_90Mhz
806.2041999999999	19.846450619589053	213.93851914432776	4.0	V_It_90Mhz
796.9490000000001	20.18268092384556	216.22262197447432	3.9986888111888113	V_It_90Mhz
792.1443999999999	20.029791262854324	208.53309408720756	3.997333080852475	V_It_90Mhz
686.16475	20.09177033081013	215.17951849512806	3.997983259173855	V_It_90Mhz
822.9290000000001	18.855416543639087	216.26856280665737	3.95236878566991	V_It_90Mhz
833.31025	19.563950197187957	216.76379152406255	3.956624417109577	V_It_90Mhz
653.567	19.841295958760238	214.3960776960608	3.89705848533678	V_It_90Mhz
490.71399999999994	19.175861161425885	215.24504070035786	3.8255387205387206	V_It_90Mhz
709.862	16.661758301016803	215.29323939851028	4.0	V_It_90Mhz
806.50425	14.427819487781345	215.90485525874203	3.9989114010989013	V_It_90Mhz
853.9685999999999	15.408699423276385	213.86727247667022	4.0	V_It_90Mhz
904.1031999999999	16.20905591091038	215.5309501725347	4.0	V_It_90Mhz
766.0155	17.097127563257136	216.36586868130692	4.0	V_It_90Mhz
864.9456	16.899692470755838	216.1027272530695	3.9899193878787877	V_It_90Mhz
811.7256	17.647250137175305	216.28459881890586	3.8962023809523805	V_It_90Mhz
843.5545	17.879505804059058	215.63639507423483	3.999197485207101	V_It_90Mhz
849.5538	20.018975215997592	215.61760321969027	3.9679496296296293	V_It_90Mhz
800.987	20.618281830940248	214.4286814931657	4.0	V_It_90Mhz
834.0185	20.121518386049903	215.74371643354152	3.989816350029281	V_It_90Mhz
837.8686	20.21551973328648	211.40207390000106	3.9988133333333336	V_It_90Mhz
802.082	20.157796944591023	216.76750981108378	4.0	V_It_90Mhz
841.0845999999999	20.26258235287917	216.27262119596293	3.956592962962963	V_It_90Mhz
851.6696	19.530663177052865	216.69587437568129	3.9597499999999997	V_It_90Mhz
834.19475	18.606673130642996	216.7795086977342	4.0	V_It_90Mhz
860.8788000000001	18.937610335089996	208.95848679696633	3.9998830769230773	V_It_90Mhz
884.7595	19.447270559112493	216.64874138608772	4.0	V_It_90Mhz
826.175	19.027050353533113	203.9000502737495	3.9997252747252743	V_It_90Mhz
825.5736	19.314895396373682	216.75811580494351	3.9996250000000004	V_It_90Mhz
835.4047499999999	19.826524860770125	216.2822050801204	3.9998613539349757	V_It_90Mhz
817.3743999999999	18.98539055980737	212.52036277736565	3.9503002201695003	V_It_90Mhz
862.81825	10.188993303861459	116.54951799418939	3.493749991553833	V_It_90Mhz
849.65375	14.285045179000843	130.26131106894223	4.0	V_It_90Mhz
846.0866	19.629429315820374	204.73285740197585	4.0	V_It_90Mhz
845.2459999999999	19.330503872074637	203.9734236180011	4.0	V_It_90Mhz
803.05175	19.584598564641745	201.1582116452507	4.0	V_It_90Mhz
835.6436	19.018505810260784	205.62570181878354	4.0	V_It_90Mhz
903.4365	19.194592492931033	208.99148939915156	3.998275	V_It_90Mhz
851.269	18.309880006506432	208.22209024657977	3.9997478276320337	V_It_90Mhz
859.4742	18.442638085208532	210.9740788089383	3.9946771116784108	V_It_90Mhz
819.58725	18.381013345261252	210.301701448907	3.999813658005558	V_It_90Mhz
764.4979999999999	18.415620840631316	209.02456255833368	3.9988865710467976	V_It_90Mhz
840.5033999999999	18.22000650489904	209.32351297805326	3.9999998656052127	V_It_90Mhz
863.932	19.370159644638463	208.5639950429594	3.9971076388888886	V_It_90Mhz
832.4546	18.804491560943084	210.0661167110406	3.9875912049808298	V_It_90Mhz
859.2036	18.17927724112693	209.86228566342942	4.0	V_It_90Mhz
768.9876666666668	18.44443536986588	207.94587893757685	4.0	V_It_90Mhz
558.1143333333333	19.01175145718508	209.26742496412143	4.0	V_It_90Mhz
830.3371999999999	18.69069936269948	206.5151991865814	4.0	V_It_90Mhz
862.8240000000001	18.865242658204675	200.80255074444497	3.9987373737373737	V_It_90Mhz
869.5874	18.585853485418557	201.09404591246016	3.9908389967521862	V_It_90Mhz
858.4154000000001	19.393895222946234	207.74102523037783	3.998054919908467	V_It_90Mhz
823.3535	19.43884866897029	203.08394240138892	3.9984511721412024	V_It_90Mhz
831.9105999999999	19.59118081062692	209.2893782879505	3.9635541871921185	V_It_90Mhz
910.06775	18.797439962180064	209.3853936295182	3.983764468864469	V_It_90Mhz
903.1432000000001	18.592152931589062	206.22763423356167	3.959928553933989	V_It_90Mhz
839.4432	19.104850383936743	203.42530965542196	3.9893197278911563	V_It_90Mhz
787.293	18.126189890253443	204.3267801442219	4.0	V_It_90Mhz
822.271	18.129242141704875	208.4076879865746	4.0	V_It_90Mhz
845.6138000000001	19.065024968585284	207.36763905319572	4.0	V_It_90Mhz
848.958	18.660269964773427	208.38164984705324	3.953125	V_It_90Mhz
842.5914	18.87755256219987	208.0655891838258	3.9615384615384612	V_It_90Mhz
852.7842	19.004129365369216	206.37128700138095	4.0	V_It_90Mhz
691.03475	18.575214139705437	209.8117639320579	4.0	V_It_90Mhz
781.9345999999999	18.662981187118937	206.98530487323615	3.9963148144609013	V_It_90Mhz
811.1518	18.979876202846857	210.24888933815222	3.996669090916666	V_It_90Mhz
805.86375	18.719036751158967	207.26517104743266	3.999886589484302	V_It_90Mhz
685.266	18.92801468352307	209.09403377493828	3.999999999998007	V_It_90Mhz
668.8792000000001	18.322879891288327	209.68397410167003	4.0	V_It_90Mhz
656.7595	19.791281471245544	208.939387915237	3.9971496866096867	V_It_90Mhz
719.6614	18.9978396705422	207.19587341717497	4.0	V_It_90Mhz
607.106	19.482149687999463	204.13118846883054	3.9584713531438993	V_It_90Mhz
423.48325	18.558419890639037	208.12797044443008	3.954964998010353	V_It_90Mhz
514.7102	18.621856982652183	207.9218170779412	3.99882672081705	V_It_90Mhz
468.4722	18.639211243482066	209.7959652311507	3.996936454849471	V_It_90Mhz
429.759	19.227878938356575	208.68928483179823	4.0	V_It_90Mhz
439.87399999999997	18.608568980107336	207.7099709125846	4.0	V_It_90Mhz
481.3725	18.48319929932292	207.64679775666147	4.0	V_It_90Mhz
457.5134	18.669284265796172	209.4167050408775	3.9615384615384612	V_It_90Mhz
437.2314	18.124147994063723	205.92206218438074	4.0	V_It_90Mhz
400.5455	18.552183575424554	208.8071243019014	3.998825925925926	V_It_90Mhz
515.1292	18.224151421200492	208.05324338432857	4.0	V_It_90Mhz
471.1336	18.308592019007556	206.87272564149902	4.0	V_It_90Mhz
379.545	18.79616587901246	206.6608825454566	3.999173534798535	V_It_90Mhz
385.9674	17.918751489189034	208.25454840407147	3.998766272189349	V_It_90Mhz
394.6605	17.60685074028757	202.9696668966427	4.0	V_It_90Mhz
618.2090000000001	18.029568996194488	207.90794445571026	3.9581659259259263	V_It_90Mhz
703.5826	17.599018577447005	205.94362333310727	3.99994708994709	V_It_90Mhz
826.3215	17.8934312620809	209.4022438784706	3.998663514937248	V_It_90Mhz
773.0136	18.356343615221427	206.43502004916428	3.9999692059937457	V_It_90Mhz
834.2879999999999	18.64552866385422	206.1474310930259	3.997014888753129	V_It_90Mhz
848.9884999999999	18.380169903989604	208.10475419667677	3.998984549082436	V_It_90Mhz
775.3148	19.029339469878327	207.57073008478451	3.955508963411135	V_It_90Mhz
816.6338	18.217391465149774	210.3195420767826	3.9965286595596874	V_It_90Mhz
628.314	14.621554445444286	210.45171838980175	3.999978404149398	V_It_90Mhz
836.8744	17.266306033774686	210.01251278376873	3.9979530469798115	V_It_90Mhz
847.3603999999999	18.317498838384143	209.21366505646728	3.999995180861331	V_It_90Mhz
837.014	18.803061671451417	208.16889477519726	3.9998695054945057	V_It_90Mhz
880.9892	18.445204706467273	207.64395638203754	3.9541589193057787	V_It_90Mhz
827.2722	18.082431368299687	207.2316869724717	3.9999504558065793	V_It_90Mhz
848.631	17.37877998023575	210.23423522204217	3.9465714285714286	V_It_90Mhz
735.8925999999999	17.317309871976654	199.63404868314223	3.945649959502002	V_It_90Mhz
699.36875	18.174874735740353	205.26940367438777	4.0	V_It_90Mhz
675.2734	13.44643872936802	210.11614539175224	3.8758455728198387	V_It_90Mhz
920.668	7.572299549621216	207.55434452552905	3.9216051914012895	V_It_90Mhz
787.3432	8.259978165109612	209.82512127783693	3.9997651293323657	V_It_90Mhz
837.146	13.297467413001694	207.6865874485444	3.9985620689655175	V_It_90Mhz
841.0464	17.54341291214546	208.41767504490855	3.9987644444444443	V_It_90Mhz
808.72075	18.376995467626973	209.82949819984316	3.9990118577075098	V_It_90Mhz
794.5434	18.43837203818503	207.49756099009923	3.9996031746031746	V_It_90Mhz
626.8851666666667	18.829987723988626	208.72826517130602	3.9999625187406296	V_It_90Mhz
736.5795	18.27331916631036	201.05047654211742	3.992096163659567	V_It_90Mhz
778.6504	18.774683060411164	208.30498450284108	3.9980769230769226	V_It_90Mhz
656.832	17.387607744123766	210.1304467227425	3.997923258377425	V_It_90Mhz
743.113	17.36294117647059	217.0	4.0	V_It_90Mhz
