Tput(Mbps)	MCS	RBs	layers	config
381.47725	10.64398148148148	141.25111389585075	3.8850250626566414	V_Sp_90Mhz
556.07025	13.648846734892787	230.49083820662767	3.8926805555555557	V_Sp_90Mhz
757.6145	17.509789285714287	229.57809523809524	3.9939142857142858	V_Sp_90Mhz
702.4944	16.507112504025763	229.55095652173912	4.0	V_Sp_90Mhz
729.7452499999999	17.98982334307992	228.7085769980507	4.0	V_Sp_90Mhz
727.1752	17.5838080274845	225.2363666834255	4.0	V_Sp_90Mhz
673.76	16.48727690902448	231.21917720131532	3.8857577639751555	V_Sp_90Mhz
713.5912500000001	16.122764285714286	229.19809523809525	3.933508333333333	V_Sp_90Mhz
631.6502	15.907871807425312	230.6379969084624	3.8438539894887724	V_Sp_90Mhz
593.793	15.130050244682852	230.65288161114248	3.8619915772633164	V_Sp_90Mhz
373.7625	14.319770658530382	196.84959587513936	3.946145833333333	V_Sp_90Mhz
288.5105	12.539844152046783	225.46654970760233	3.8342105263157897	V_Sp_90Mhz
200.9338	12.006747929606625	236.671341991342	3.918	V_Sp_90Mhz
381.7398	10.573054919908468	232.21144927536233	4.0	V_Sp_90Mhz
559.69175	13.678898550724638	230.10355731225297	3.95775	V_Sp_90Mhz
438.87340000000006	13.298609108324627	229.78453500522465	3.3600629571577847	V_Sp_90Mhz
475.3546666666667	10.354674691358026	225.8664963814389	3.4439368241805024	V_Sp_90Mhz
317.9493333333333	11.586661261940675	223.67192147034254	3.110096741854637	V_Sp_90Mhz
264.31675	6.319986291486291	178.41285714285715	3.5505619047619046	V_Sp_90Mhz
244.276	6.055548821548822	232.14352314352314	3.502357142857143	V_Sp_90Mhz
202.37380000000002	7.814184715937657	228.01728983091212	2.605262262443439	V_Sp_90Mhz
487.51239999999996	13.18860857142857	180.8784761904762	3.7573999999999996	V_Sp_90Mhz
445.37520000000006	14.064953222450066	227.88999164578112	3.306863976608187	V_Sp_90Mhz
409.59725000000003	14.992188587848933	228.76604269293927	2.772252216748768	V_Sp_90Mhz
449.9306	13.66020884057971	231.11385507246376	2.91226	V_Sp_90Mhz
394.3284	12.772116209449454	230.97349737515142	3.3359910997442457	V_Sp_90Mhz
572.10975	14.759594720496896	230.74753941710463	3.4983673554706165	V_Sp_90Mhz
480.1236666666667	13.131985823092677	195.0593958013313	3.4342043757467144	V_Sp_90Mhz
446.733	13.291666060606062	225.6374393939394	3.757314242424242	V_Sp_90Mhz
346.601	8.68314723320158	234.57312252964425	3.8885227272727274	V_Sp_90Mhz
311.89140000000003	7.6044832914362335	228.10276520864755	3.821769230769231	V_Sp_90Mhz
204.39433333333332	8.905479877095766	215.29418111205837	2.8790277777777775	V_Sp_90Mhz
316.97725	8.73610576923077	234.52307692307693	3.0	V_Sp_90Mhz
326.0348	11.207019980019979	232.6083916083916	2.9510378787878784	V_Sp_90Mhz
357.345	11.790324302134646	226.52627257799674	2.785814860426929	V_Sp_90Mhz
440.1336	13.736244808331765	234.77451533973272	2.8714074074074074	V_Sp_90Mhz
418.5565	13.681660201149425	234.97931034482758	3.0	V_Sp_90Mhz
371.9401666666667	11.00716739766082	181.46734892787526	3.2085282651072125	V_Sp_90Mhz
542.12325	13.306148412698413	226.72380952380954	3.845740740740741	V_Sp_90Mhz
678.7394	15.407085238095238	225.98171428571428	3.802135238095238	V_Sp_90Mhz
573.216	15.802732989970185	226.4380862022228	3.7337947652179153	V_Sp_90Mhz
472.225	12.909421127946128	222.40296296296296	3.5509444444444442	V_Sp_90Mhz
290.38533333333334	6.602407407407408	93.17142857142856	3.6245238095238097	V_Sp_90Mhz
267.8145	7.140671559392988	233.79491889063317	3.518608163265306	V_Sp_90Mhz
251.4924	6.879578704518636	234.89882845351954	2.8865576923076923	V_Sp_90Mhz
219.83966666666666	9.304157824361628	173.44264435242698	2.9608615136876004	V_Sp_90Mhz
472.72520000000003	14.740529614702027	225.85588893864755	3.071089947089947	V_Sp_90Mhz
378.0594	14.52143194805195	208.51238961038962	3.036090909090909	V_Sp_90Mhz
411.92960000000005	14.252052913752914	225.7438073038073	3.0	V_Sp_90Mhz
254.4604	10.934612942612942	222.79445415695415	2.666258741258741	V_Sp_90Mhz
325.03675	11.542211761074238	224.6130267016515	2.0	V_Sp_90Mhz
420.66799999999995	18.38381416504224	228.11779448621553	2.0	V_Sp_90Mhz
449.8634	16.287736833536833	227.60316500653343	2.539016012252854	V_Sp_90Mhz
400.89275	12.172775048732944	226.0087830687831	3.594504431216931	V_Sp_90Mhz
382.098	10.73073	227.40533333333332	3.519403333333333	V_Sp_90Mhz
400.3125	12.495855629877369	228.64972129319955	3.215388795986622	V_Sp_90Mhz
408.3296	13.238822405696107	228.58615724890169	2.9126817391304347	V_Sp_90Mhz
538.9262	17.498840264998158	229.25793154214207	2.801412955465587	V_Sp_90Mhz
556.68	19.816689814814815	227.7962962962963	2.5001967592592593	V_Sp_90Mhz
441.7004	16.92913955609608	192.97622377622378	2.6527674065065368	V_Sp_90Mhz
378.99150000000003	14.52198482905983	219.64090811965812	2.9631333333333334	V_Sp_90Mhz
453.9675	14.511042857142856	223.70428571428573	2.845414285714286	V_Sp_90Mhz
421.5334	15.359665929574897	230.50526108374385	2.8532794745484398	V_Sp_90Mhz
400.2156	13.598688285048286	225.6179314019314	2.840541791541791	V_Sp_90Mhz
478.54125	21.601444099378885	231.87080745341615	2.0795391304347826	V_Sp_90Mhz
481.0688	19.916285714285713	230.28000000000003	2.179480952380952	V_Sp_90Mhz
637.3154999999999	19.17608142109501	233.7085346215781	2.2865318035426734	V_Sp_90Mhz
450.164	19.36544718196457	227.37217391304347	2.214177455716586	V_Sp_90Mhz
436.1486	16.965096003898633	226.1348148148148	2.3110383838383837	V_Sp_90Mhz
409.94	14.574977314814815	229.76444444444445	2.871296296296296	V_Sp_90Mhz
353.75339999999994	12.874037842190017	228.31365263400048	2.907216931216931	V_Sp_90Mhz
403.5236	12.451544715447152	230.28205128205127	2.9544166666666665	V_Sp_90Mhz
399.66200000000003	14.877965608465608	227.8449791144528	2.7535318295739346	V_Sp_90Mhz
398.6906	14.89689925925926	208.54288215488214	2.647907205387205	V_Sp_90Mhz
334.46860000000004	16.006695673808117	221.49497826844154	2.623615577312354	V_Sp_90Mhz
372.0234	14.853057056277057	223.96521739130435	2.7494540579710143	V_Sp_90Mhz
489.65	20.387404626623375	226.24350649350652	2.332792207792208	V_Sp_90Mhz
335.81800000000004	12.807258417508418	184.78760942760942	2.95392	V_Sp_90Mhz
240.07960000000003	16.29718760753313	220.4116425120773	2.250408871321915	V_Sp_90Mhz
233.3346	12.226999618611746	222.2967218045113	2.95	V_Sp_90Mhz
219.561	13.42088924963925	206.9823827542713	2.8837719298245617	V_Sp_90Mhz
253.717	13.230241638795988	203.66465997770345	2.953846153846154	V_Sp_90Mhz
190.57080000000002	13.236108395989977	192.00312071985985	3.0	V_Sp_90Mhz
207.81766666666667	13.89939814814815	185.71035561660563	2.7722122614227875	V_Sp_90Mhz
191.99099999999999	12.522674446296739	213.8601555747623	2.9807490636704124	V_Sp_90Mhz
328.84875	12.57308300395257	222.57954545454544	3.0	V_Sp_90Mhz
317.8716	13.151693272837267	219.19797701149423	3.0	V_Sp_90Mhz
341.486	13.781265217391303	219.4486956521739	2.9440999999999997	V_Sp_90Mhz
358.8494	13.825616190476188	229.26230303030303	2.9534166666666666	V_Sp_90Mhz
662.7375	13.199243478260872	226.05505376344087	3.0	V_Sp_90Mhz
410.5466	13.781657692307693	226.00444444444446	3.0	V_Sp_90Mhz
397.90700000000004	12.2751	230.6	3.0168999999999997	V_Sp_90Mhz
317.5554	11.658256793667942	223.94455325980735	3.2058827586206897	V_Sp_90Mhz
202.12539999999998	10.616372772203642	219.28750353028613	3.1702341137123744	V_Sp_90Mhz
318.098	11.804889799183492	227.8560079443893	2.890196540880503	V_Sp_90Mhz
355.118	11.097727314814815	228.35333333333332	3.0	V_Sp_90Mhz
437.9492	13.722493626373625	227.3058754578755	3.0210415384615388	V_Sp_90Mhz
423.22375	13.614361904761903	228.64687370600416	3.0	V_Sp_90Mhz
445.325	13.732610655270657	227.8679658119658	3.0	V_Sp_90Mhz
498.85920000000004	15.767920893141945	229.3536842105263	3.032209090909091	V_Sp_90Mhz
455.9945	14.126010948086329	229.05251491901106	3.1800543478260868	V_Sp_90Mhz
433.6316	13.499100877192982	228.52249512670565	3.276331578947368	V_Sp_90Mhz
342.1672	12.073983643892339	227.36746769472407	3.0394362818590706	V_Sp_90Mhz
410.05333333333334	12.690165967365969	226.42284382284382	3.118830769230769	V_Sp_90Mhz
442.3623333333333	13.338078115030536	226.10938940033827	3.5990181184739565	V_Sp_90Mhz
431.30379999999997	12.295210526315788	227.86140890688256	3.5013963157894734	V_Sp_90Mhz
432.73625	14.106673906356804	228.95546138072453	3.1558272727272727	V_Sp_90Mhz
474.9842	14.66888417138417	231.2900062900063	3.219264476264476	V_Sp_90Mhz
404.0102	11.513916017316017	165.6257142857143	3.6623333333333328	V_Sp_90Mhz
378.73249999999996	14.480665705128203	229.2128205128205	3.048	V_Sp_90Mhz
342.962	14.200431666666665	228.31764155486758	3.285015424836601	V_Sp_90Mhz
299.0985	12.360223270881166	223.68357487922705	3.7564857660455484	V_Sp_90Mhz
248.02979999999997	9.673609592760181	221.21729411764704	3.7598705882352936	V_Sp_90Mhz
296.89866666666666	10.921177619724988	223.14000000000001	3.675688888888889	V_Sp_90Mhz
235.11700000000002	10.867827762215997	209.956981580511	3.597938007526243	V_Sp_90Mhz
188.231	9.362483883869753	219.63959417672484	3.418480786037111	V_Sp_90Mhz
206.86599999999999	8.189594997594998	222.6158005521049	3.7851701173222914	V_Sp_90Mhz
256.6495	10.166341031387946	221.31522929011686	3.801089455272364	V_Sp_90Mhz
266.74	11.763733333333331	223.31399711399712	3.822222222222222	V_Sp_90Mhz
255.8066666666667	13.44047004766819	218.9578215071249	3.301314747057781	V_Sp_90Mhz
256.65659999999997	12.71617551150895	224.72156862745095	3.6798039215686273	V_Sp_90Mhz
246.002	10.671308168642952	219.9046113306983	4.0	V_Sp_90Mhz
241.71839999999997	10.604180086580088	224.28199134199136	3.8436166666666667	V_Sp_90Mhz
411.4952	12.917334861217217	214.09814760686882	3.909529411764706	V_Sp_90Mhz
491.576	13.126466475553432	228.6049863180298	3.8289738522347214	V_Sp_90Mhz
567.4454	15.534812241200829	228.32277432712218	3.549172877846791	V_Sp_90Mhz
599.90475	15.19853244400527	230.9404743083004	3.7313778985507247	V_Sp_90Mhz
620.5595999999999	15.109685589772548	228.8286235503627	3.7921554387641345	V_Sp_90Mhz
481.7102	15.846800869565218	228.55071571906356	3.168269565217391	V_Sp_90Mhz
570.4715	15.188510416666666	228.72608695652175	3.2690624999999995	V_Sp_90Mhz
598.8764	16.74223821008299	228.38485916016353	3.4289287749287753	V_Sp_90Mhz
596.5376	17.809903557422967	227.922756302521	3.1015714285714284	V_Sp_90Mhz
571.504	17.155809090909088	229.54545454545456	3.1048863636363637	V_Sp_90Mhz
607.864	17.186658333333334	226.48666666666668	3.2240833333333336	V_Sp_90Mhz
456.42375	12.072458492594361	175.3950071667463	3.8219983277591973	V_Sp_90Mhz
495.5146666666667	13.684749694749692	217.26495726495727	3.4894993894993895	V_Sp_90Mhz
490.86833333333334	12.497632850241544	226.95169082125605	3.4929905682079596	V_Sp_90Mhz
467.50425	12.824990763403264	225.8137062937063	3.5359863053613054	V_Sp_90Mhz
418.7138	11.494504213982475	225.89154130893263	3.9162621082621087	V_Sp_90Mhz
553.3149999999999	12.127643396117069	224.12227076506997	3.9615384615384612	V_Sp_90Mhz
634.6296	14.928571278866062	226.14240866379996	3.8839041758241755	V_Sp_90Mhz
712.4237499999999	16.609573757818538	226.87510014758593	3.821567397568346	V_Sp_90Mhz
607.4568	15.572043947144076	225.94187796857872	3.751986274509804	V_Sp_90Mhz
609.8574	14.912270000000001	230.26222222222222	3.8455296296296297	V_Sp_90Mhz
586.33775	14.725056055900621	226.94037267080745	3.562760248447205	V_Sp_90Mhz
636.2948	15.474963846153846	227.56492307692307	3.84	V_Sp_90Mhz
465.536	13.28055525460455	227.5467613732454	3.7999611026551663	V_Sp_90Mhz
434.45975	10.337474705387205	226.89191919191921	3.835738636363636	V_Sp_90Mhz
462.0692	11.106808227199531	226.42327624066758	3.828575611184307	V_Sp_90Mhz
471.3755	12.578233699201071	229.88159172340173	3.600370930833395	V_Sp_90Mhz
478.67260000000005	11.764794758251126	227.252057671229	3.7924170405553523	V_Sp_90Mhz
473.549	11.821033135871089	226.3333820894431	3.871547351324338	V_Sp_90Mhz
401.48220000000003	10.398838398702747	224.75586181210096	3.9130618181818178	V_Sp_90Mhz
417.0825	10.530719957220638	229.13300492610838	3.785966478696742	V_Sp_90Mhz
386.519	9.129776482776483	228.77622377622373	3.850196581196581	V_Sp_90Mhz
420.59175	9.609885185185185	228.64	4.0	V_Sp_90Mhz
427.87225	10.15117274033438	229.6909090909091	3.8633253657262276	V_Sp_90Mhz
488.7704	11.37177694235589	226.2250626566416	3.819714285714286	V_Sp_90Mhz
529.57625	12.503542901844533	228.72002635046113	3.95344696969697	V_Sp_90Mhz
408.2746666666667	11.027415666308329	187.27126798322448	3.959158653846154	V_Sp_90Mhz
528.7138	12.644100271623802	228.01202274849334	3.9377864923747277	V_Sp_90Mhz
414.741	12.30223300970874	227.60194174757282	3.805533980582524	V_Sp_90Mhz
520.39	13.09557395905222	229.90839659535314	3.7398026224982743	V_Sp_90Mhz
518.3634999999999	12.687972815179712	229.1985769020252	3.953425925925926	V_Sp_90Mhz
536.6792	12.537816689058067	227.5741155396328	4.0	V_Sp_90Mhz
498.6202	12.348682251082252	228.3904761904762	3.9676	V_Sp_90Mhz
539.623	12.813644117647058	229.15764705882353	3.926470588235294	V_Sp_90Mhz
499.24199999999996	11.357206291591046	193.25269639616283	4.0	V_Sp_90Mhz
414.3226000000001	12.216939766081872	216.28667502088555	4.0	V_Sp_90Mhz
584.7342000000001	14.292071200510856	229.42217113665387	3.8949629629629627	V_Sp_90Mhz
619.237	15.261135128050011	227.27431874705923	3.797836526181354	V_Sp_90Mhz
615.5092500000001	15.263034728523897	227.45308529945555	3.8726911297640654	V_Sp_90Mhz
633.8453999999999	15.104217582417581	229.00879120879122	3.7927758241758243	V_Sp_90Mhz
693.7194	16.352293498452013	228.08093442161552	3.858043137254902	V_Sp_90Mhz
660.523	16.37317697281167	230.9840848806366	3.921875	V_Sp_90Mhz
553.2612	16.033657400530505	225.1607159011587	3.7344559542091305	V_Sp_90Mhz
525.4512000000001	14.439401693889897	219.07595281306712	3.906868421052631	V_Sp_90Mhz
676.7232	16.329924764890283	229.9621734587252	4.0	V_Sp_90Mhz
611.125	15.721203007518799	227.5127332437677	3.8876666666666666	V_Sp_90Mhz
697.6268	14.356812806147534	232.45576750086497	3.912297082228117	V_Sp_90Mhz
620.064	15.771260504201681	228.19327731092434	3.9159663865546217	V_Sp_90Mhz
644.946	15.878858878395466	227.24040756705813	4.0	V_Sp_90Mhz
621.9209999999999	16.111177777777776	230.51094547964112	3.871031746031746	V_Sp_90Mhz
616.0178	15.759709234668378	229.9544656243307	3.7569167737559797	V_Sp_90Mhz
656.0546	17.31844575129255	229.24448217317484	3.8285992210126834	V_Sp_90Mhz
430.36580000000004	12.195356859232723	195.9600447828034	3.7909162561576353	V_Sp_90Mhz
710.9744	16.38050362088797	227.72401932367148	4.0	V_Sp_90Mhz
729.269	17.326542255188198	228.61070926525042	4.0	V_Sp_90Mhz
650.632	16.44527996632997	228.68355555555553	3.8773833333333334	V_Sp_90Mhz
501.97919999999993	14.1215476673428	224.93122171945703	3.702183023872679	V_Sp_90Mhz
599.2595	13.785432617491441	228.75412387177093	4.0	V_Sp_90Mhz
622.2834	14.808211318814276	227.2372123411978	3.9225936842105265	V_Sp_90Mhz
565.944	15.164768796992481	226.4406015037594	3.937125	V_Sp_90Mhz
457.88620000000003	11.279521949138077	169.5393616658133	4.0	V_Sp_90Mhz
669.1768	16.229665935672514	230.16686159844056	4.0	V_Sp_90Mhz
683.97675	16.01392414187643	229.20083687479567	3.9486	V_Sp_90Mhz
582.3498000000001	15.916672934472937	227.36229548229548	3.916985714285714	V_Sp_90Mhz
575.1912	15.636243890518084	228.8606145607548	3.590442092736623	V_Sp_90Mhz
638.051	16.423310714285716	229.92000000000002	3.819642857142857	V_Sp_90Mhz
715.5896	16.866046922862715	230.05225515897024	3.7311461796253083	V_Sp_90Mhz
693.55275	17.07722718253968	228.86904761904762	3.877232142857143	V_Sp_90Mhz
666.3426	16.71007193732194	229.3741147741148	3.5904273504273503	V_Sp_90Mhz
734.9484	16.69895304928989	230.11914452798663	3.8833227513227513	V_Sp_90Mhz
739.614	17.10279012345679	228.59131545338445	4.0	V_Sp_90Mhz
782.855	17.37156806156806	230.2441879108546	4.0	V_Sp_90Mhz
677.8116	17.251134372294374	227.5372813852814	4.0	V_Sp_90Mhz
595.4655	14.907272815659839	228.16256157635468	4.0	V_Sp_90Mhz
545.9243333333334	14.630486474954353	231.21517708297893	3.8966165413533838	V_Sp_90Mhz
628.85	14.723403473962685	230.4993038150933	3.9342105263157894	V_Sp_90Mhz
691.73425	15.770740379286249	231.92088965999181	3.9537037037037037	V_Sp_90Mhz
522.4872	13.993109150326799	226.10753812636167	3.946	V_Sp_90Mhz
526.448	13.246092741935485	227.2312890475583	3.6743425347443575	V_Sp_90Mhz
672.85275	15.8392673992674	230.06715506715506	3.851880341880342	V_Sp_90Mhz
638.2478	15.309706473880388	229.68518405909708	3.8136739186739184	V_Sp_90Mhz
756.8296	17.119784003185096	229.73860548807914	3.8946267806267807	V_Sp_90Mhz
727.9565	18.483003939498506	229.7890499194847	3.7097946859903383	V_Sp_90Mhz
710.0175999999999	19.067765703559097	227.83481116584568	3.7068032581453636	V_Sp_90Mhz
416.56139999999994	15.504587504201117	223.84027290448344	3.7742729044834307	V_Sp_90Mhz
506.1272	12.699299782030835	204.13726953748005	3.3922708665603403	V_Sp_90Mhz
739.58825	13.30952037037037	228.15555555555557	3.932459259259259	V_Sp_90Mhz
641.97875	14.673561413043478	228.41565217391303	4.0	V_Sp_90Mhz
609.1582000000001	14.678601328224776	228.22832183908045	3.7898876117496805	V_Sp_90Mhz
663.38175	15.777533551198259	231.3754248366013	3.8434222222222223	V_Sp_90Mhz
669.3376000000001	15.654020339309813	227.98160786581838	3.8955274725274727	V_Sp_90Mhz
579.51075	15.508107993966819	226.8356455240666	3.8242004048582996	V_Sp_90Mhz
581.2429999999999	14.233011870709381	230.22036613272311	3.676051201372998	V_Sp_90Mhz
613.2686	15.955290095449351	228.5563621697923	3.773190159306312	V_Sp_90Mhz
582.4355	15.005256317354142	228.85014245014247	3.7135055431685866	V_Sp_90Mhz
600.1894	15.460689302967562	229.13119281629025	3.687625076350714	V_Sp_90Mhz
578.0198	16.235647650063857	231.0057059891107	3.3861309067688383	V_Sp_90Mhz
398.2776	14.987934632034632	202.64294372294373	3.2915246753246756	V_Sp_90Mhz
476.6384	12.643789047619048	226.62971428571427	3.5475857142857143	V_Sp_90Mhz
591.45325	14.883649487354749	226.8932057416268	3.3856357712462977	V_Sp_90Mhz
652.811	17.06852958937198	227.5612340028816	3.4284977010763624	V_Sp_90Mhz
682.8961999999999	16.774108798920377	228.50134412955464	3.681523691707903	V_Sp_90Mhz
700.3005	16.09116374269006	229.0938596491228	3.8985	V_Sp_90Mhz
650.4678	16.094629848272344	229.5166186408262	3.689248820604361	V_Sp_90Mhz
701.6935	16.68186314085021	230.59824849480023	3.761398923554096	V_Sp_90Mhz
626.62075	16.236104978354977	230.87012987012986	3.7714610389610392	V_Sp_90Mhz
637.1326	16.820907932067932	228.73982284382282	3.4692454212454207	V_Sp_90Mhz
693.54425	16.255633116883118	226.18874458874458	3.9107142857142856	V_Sp_90Mhz
572.2586	15.006423629764067	230.38607622504537	3.825335148215366	V_Sp_90Mhz
690.8564	16.305238335738334	228.65791245791243	3.98125	V_Sp_90Mhz
665.8245	17.04876539408867	227.1622331691297	3.5686576354679804	V_Sp_90Mhz
684.7066	16.68524935064935	228.97090909090906	3.9069264069264067	V_Sp_90Mhz
554.8976	14.618321674876848	227.50640394088668	3.7540476190476193	V_Sp_90Mhz
557.69125	15.738870128498503	228.7551839464883	3.3236538461538463	V_Sp_90Mhz
489.2661666666666	15.095059329287272	188.52429901253433	3.3591529581529582	V_Sp_90Mhz
664.13	17.869285714285713	227.85714285714283	3.0	V_Sp_90Mhz
703.95225	17.336511294261296	227.72039072039072	3.673309523809524	V_Sp_90Mhz
636.3034	16.144143902074937	225.75485893416925	3.7213197492163004	V_Sp_90Mhz
737.39275	16.893352490421456	226.74347746761538	3.8476637474913336	V_Sp_90Mhz
724.6714	17.25020531876919	228.02704647676165	3.8220009523809524	V_Sp_90Mhz
709.5748	17.294349408667557	228.5783378871582	3.8015665622943304	V_Sp_90Mhz
684.22775	17.821868492377188	227.4936194240542	3.432079347826087	V_Sp_90Mhz
745.1948	18.331584444122477	228.33652959616447	3.6328183354846644	V_Sp_90Mhz
737.7585	18.13505248917749	228.86709956709956	3.7771666666666666	V_Sp_90Mhz
728.7655	17.01136551724138	228.60827586206898	3.9151810344827584	V_Sp_90Mhz
674.5134	17.56375340802988	229.14446311858077	3.551520634920635	V_Sp_90Mhz
728.77	18.95190505050505	227.87191919191918	3.4290040404040405	V_Sp_90Mhz
720.32025	17.575212744504938	229.61410230557235	3.777170632519997	V_Sp_90Mhz
829.5704	18.676975432613364	227.26035114310974	4.0	V_Sp_90Mhz
773.1055	17.96021168210874	228.86287438052145	3.8172268907563027	V_Sp_90Mhz
748.6928	17.818908709106985	227.36640141467728	3.9352586206896554	V_Sp_90Mhz
747.98125	17.47852140700483	228.40106280193237	3.9006886574074073	V_Sp_90Mhz
653.813	16.557305779535046	226.05701667963012	3.811227041742287	V_Sp_90Mhz
611.8884	17.21176689549962	227.47713196033564	3.2522745995423343	V_Sp_90Mhz
588.581	16.587759190841087	227.94827586206895	3.2749277618135375	V_Sp_90Mhz
627.7344	15.65915984405458	229.67368421052635	3.618105263157895	V_Sp_90Mhz
668.5616	16.22912896551724	227.87936945812808	3.7593300492610835	V_Sp_90Mhz
767.0587499999999	17.01458590225564	227.83909774436088	3.844924812030075	V_Sp_90Mhz
775.2192	17.624788743805215	228.23675759534586	3.9523809523809526	V_Sp_90Mhz
771.5334	17.937433263903852	228.16479685891449	3.9411764705882355	V_Sp_90Mhz
672.96825	17.256517857142857	228.78571428571428	3.520625	V_Sp_90Mhz
517.9137499999999	16.24644943019943	228.32763532763533	3.469975071225071	V_Sp_90Mhz
588.8858333333333	13.67511119783191	176.26638425399037	3.956140350877193	V_Sp_90Mhz
754.09475	17.46174056372549	227.92970588235295	4.0	V_Sp_90Mhz
719.7583999999999	17.245495115995116	228.16483516483518	3.841436239316239	V_Sp_90Mhz
800.0967499999999	17.899040293471437	229.0267419962335	4.0	V_Sp_90Mhz
784.92225	17.550381216931218	228.87428571428572	4.0	V_Sp_90Mhz
717.018	16.848256296296295	228.29651529790664	3.94376	V_Sp_90Mhz
718.7034	17.398418082706765	229.04756506651242	3.728451127819549	V_Sp_90Mhz
727.7395	16.82392822933771	229.7820277536302	3.956896551724138	V_Sp_90Mhz
783.5124	18.124490259465087	227.2955068831499	3.9629629629629632	V_Sp_90Mhz
805.3805	18.546150847203478	229.26180836707152	4.0	V_Sp_90Mhz
726.2424	16.932094877344877	229.32138528138526	3.9124747474747474	V_Sp_90Mhz
663.043	17.257457936507937	224.3675824175824	3.8997	V_Sp_90Mhz
717.112	16.6232256449553	228.78752490421456	4.0	V_Sp_90Mhz
699.1712	17.28652455251842	227.60381522367794	3.81261089596902	V_Sp_90Mhz
694.529	16.475667207792206	226.7792207792208	3.8274512987012987	V_Sp_90Mhz
775.9934000000001	17.18290756302521	227.48605042016806	4.0	V_Sp_90Mhz
799.8066	18.000797225318966	228.48509847640284	3.9714074074074075	V_Sp_90Mhz
722.82675	17.526533224400872	228.5032679738562	3.8109722222222224	V_Sp_90Mhz
704.9426	16.912719953026585	228.27699882566458	3.834481375040034	V_Sp_90Mhz
701.0908000000001	16.459136948619708	230.09260241674036	3.8548774928774927	V_Sp_90Mhz
721.2117499999999	17.272006949741506	231.34935163996948	3.854581320450886	V_Sp_90Mhz
723.6551999999999	17.065007499424894	229.83073383942946	4.0	V_Sp_90Mhz
786.70975	18.038855742296917	229.63655462184875	4.0	V_Sp_90Mhz
849.653	18.91178809313292	231.10063856960406	4.0	V_Sp_90Mhz
812.0047999999999	18.913689073110127	228.78232761390655	4.0	V_Sp_90Mhz
797.9015	18.404592302624913	227.9304550521942	4.0	V_Sp_90Mhz
732.8266	18.586528582930757	223.24713595583162	4.0	V_Sp_90Mhz
809.5295	18.23665476190476	226.89372294372293	4.0	V_Sp_90Mhz
803.8054999999999	18.664350369458127	227.16256157635468	4.0	V_Sp_90Mhz
833.142	17.87867724867725	229.25396825396825	3.906851851851852	V_Sp_90Mhz
652.59325	16.390953185328186	227.13443313443315	3.942840909090909	V_Sp_90Mhz
656.3168	15.174865531519952	226.34035839223247	3.819426501035197	V_Sp_90Mhz
793.482	17.743492063492063	227.77787397787398	3.9332804232804235	V_Sp_90Mhz
824.51125	18.56069777205553	226.5317118226601	4.0	V_Sp_90Mhz
802.9012	18.000546012707932	227.74302848575712	4.0	V_Sp_90Mhz
815.9852000000001	18.486109961685823	229.89744360902256	4.0	V_Sp_90Mhz
816.05175	18.493883458646614	227.82857142857142	4.0	V_Sp_90Mhz
760.684	17.386025925925924	227.0602079912425	4.0	V_Sp_90Mhz
702.52725	16.664031565656565	228.54747474747472	3.9072424242424244	V_Sp_90Mhz
840.7479999999999	18.528542996084376	226.9775369458128	4.0	V_Sp_90Mhz
721.4075	17.1509572044335	228.4293924466338	3.9375	V_Sp_90Mhz
836.608	19.242685185185188	230.48571428571427	4.0	V_Sp_90Mhz
803.8783333333334	18.281994252873563	226.52894461859978	4.0	V_Sp_90Mhz
829.596	18.97238129490927	227.76373626373626	4.0	V_Sp_90Mhz
807.1938	17.958375417175418	228.47448107448108	3.962962962962963	V_Sp_90Mhz
815.3961999999999	18.53249561871301	226.89393730263296	4.0	V_Sp_90Mhz
865.873	19.69716861598441	227.52269562795877	4.0	V_Sp_90Mhz
851.1505999999999	18.93372995482778	228.03150762281197	4.0	V_Sp_90Mhz
783.2855999999999	18.728894598753257	226.80860096267656	3.9206056971514243	V_Sp_90Mhz
854.2375	18.991823976608188	228.97894736842107	4.0	V_Sp_90Mhz
797.0806	18.535868831168834	227.26147186147188	4.0	V_Sp_90Mhz
708.11925	17.213388341543514	227.74205105239588	3.758901253918495	V_Sp_90Mhz
725.053	18.90048455988456	217.643434552565	3.776315619967794	V_Sp_90Mhz
829.2984	18.872348744588745	228.59294409937888	4.0	V_Sp_90Mhz
837.4665	19.468019434269433	224.89819902319903	3.9642376373626376	V_Sp_90Mhz
839.997	20.14415253411306	229.1964912280702	3.7392499999999997	V_Sp_90Mhz
813.337	20.171163861979426	227.40461581761892	3.67974043062201	V_Sp_90Mhz
786.251	19.01482200712509	228.24632078279993	3.7261470342522975	V_Sp_90Mhz
793.6488	18.752483936353503	227.43376333811116	3.915229813664596	V_Sp_90Mhz
766.1456666666667	18.07688226527571	228.78180090282729	4.0	V_Sp_90Mhz
520.6129999999999	16.364517965367966	188.9487684729064	4.0	V_Sp_90Mhz
826.3198	19.54895238095238	225.43817740429503	4.0	V_Sp_90Mhz
832.40175	18.973164910600254	227.8869731800766	4.0	V_Sp_90Mhz
797.7522	18.952274646962234	230.15163218390802	4.0	V_Sp_90Mhz
844.77475	18.720567752234995	227.06590038314175	4.0	V_Sp_90Mhz
856.6288000000001	18.993752177812816	228.24150084995608	4.0	V_Sp_90Mhz
802.9384	18.656704314204312	226.41092796092798	4.0	V_Sp_90Mhz
800.5	18.89951394335512	225.23511982570807	4.0	V_Sp_90Mhz
825.749	18.878521569074202	224.12752412432047	4.0	V_Sp_90Mhz
795.2968	19.377745589936378	229.88018235634337	4.0	V_Sp_90Mhz
782.2075	17.915080978138384	229.09379310344826	4.0	V_Sp_90Mhz
797.0256	19.158872050816697	228.27223230490017	4.0	V_Sp_90Mhz
783.1683999999999	18.424932441471576	226.38192307692307	3.944777777777778	V_Sp_90Mhz
794.166	18.168947293447292	228.7386514719848	4.0	V_Sp_90Mhz
795.2326	18.838880289184498	226.21356082513975	3.913641904761904	V_Sp_90Mhz
808.1012	18.300456667752492	224.51417159166704	3.993111111111111	V_Sp_90Mhz
788.0844999999999	18.675327766531716	227.74787449392713	4.0	V_Sp_90Mhz
851.1646000000001	19.130965084279328	230.1935328517372	4.0	V_Sp_90Mhz
766.84625	19.60019075466444	229.3068783068783	3.9190136800334168	V_Sp_90Mhz
829.3698	19.694841402116403	225.77258119658117	3.8936536284086287	V_Sp_90Mhz
838.4606	18.795834561835626	227.3598322377953	4.0	V_Sp_90Mhz
872.76275	19.596553342490843	227.1117216117216	4.0	V_Sp_90Mhz
783.09275	18.583899719887956	224.25514783691256	3.9548214285714285	V_Sp_90Mhz
793.028	18.294494477218688	227.3317306085727	3.9253762406015036	V_Sp_90Mhz
803.359	19.27638506522717	222.92719871574363	4.0	V_Sp_90Mhz
806.6904999999999	19.033660978835982	228.33984533984534	4.0	V_Sp_90Mhz
811.7762	18.330299153605015	226.5261306968893	4.0	V_Sp_90Mhz
727.31325	18.69296408045977	230.67413793103447	4.0	V_Sp_90Mhz
680.4159999999999	17.097842064689125	229.53019607843135	3.4551437573319923	V_Sp_90Mhz
774.483	19.542373015873014	227.73185185185184	3.9299999999999997	V_Sp_90Mhz
819.537	18.595491707271364	225.86153017241378	4.0	V_Sp_90Mhz
814.0344	19.424643255952855	227.29343494482814	4.0	V_Sp_90Mhz
768.4834	18.423090598290596	227.77014245014243	4.0	V_Sp_90Mhz
807.73925	18.81467816091954	226.08584770114942	4.0	V_Sp_90Mhz
790.6394	19.169082264957265	225.99515669515668	3.946125	V_Sp_90Mhz
800.8712	18.830510582010582	223.82910052910051	3.9629629629629632	V_Sp_90Mhz
834.1535	18.96274769778853	224.10933234455305	4.0	V_Sp_90Mhz
856.9238333333333	19.006502971804697	223.83632183908045	4.0	V_Sp_90Mhz
825.57925	18.360441053456526	228.0405015673981	4.0	V_Sp_90Mhz
841.86275	19.139007641386073	227.34488394900296	4.0	V_Sp_90Mhz
821.5626	18.404985494505496	228.43301587301585	4.0	V_Sp_90Mhz
857.998	19.471217583807718	227.91208096141682	4.0	V_Sp_90Mhz
774.1333999999999	19.271690375816995	227.28103703703704	3.968848484848485	V_Sp_90Mhz
792.3925999999999	18.887540045300916	225.12993045601743	4.0	V_Sp_90Mhz
816.1659999999999	18.98194513243894	226.99685242518058	4.0	V_Sp_90Mhz
839.46225	19.31419207741576	224.39445836814258	4.0	V_Sp_90Mhz
853.2504000000001	19.09063561080194	225.06691342614263	4.0	V_Sp_90Mhz
844.3655999999999	20.532530019392375	226.11798190045246	4.0	V_Sp_90Mhz
781.271	19.446285745614034	227.73894736842107	4.0	V_Sp_90Mhz
863.1586	20.22414516288864	220.3171088814567	4.0	V_Sp_90Mhz
621.2242	19.228934065934066	217.69244264507424	4.0	V_Sp_90Mhz
839.7212	20.724736718691936	225.71425641025644	4.0	V_Sp_90Mhz
788.3362500000001	20.211940061350628	227.43374911463442	4.0	V_Sp_90Mhz
871.7675	19.926301169590644	224.640899122807	3.98828125	V_Sp_90Mhz
840.5049999999999	19.977648888888886	225.85462068965518	4.0	V_Sp_90Mhz
824.9797999999998	20.35375925925926	225.36392572944297	4.0	V_Sp_90Mhz
853.40575	20.963900370959195	225.02751280692456	4.0	V_Sp_90Mhz
799.2846	18.454603174603175	225.58412698412698	4.0	V_Sp_90Mhz
816.4984000000001	18.359009551656918	225.82144849302745	3.9653599999999996	V_Sp_90Mhz
776.523	19.034492419774924	222.63070175438597	3.9632857142857145	V_Sp_90Mhz
775.9518	18.723451299350323	227.6305247376312	3.95	V_Sp_90Mhz
778.6434	18.569244507818883	226.30426873030692	4.0	V_Sp_90Mhz
789.4839999999999	18.886920546558706	226.55257374204743	4.0	V_Sp_90Mhz
785.5764	19.182612911725954	225.26396386222473	4.0	V_Sp_90Mhz
754.25025	17.714890565071	224.67500439174353	4.0	V_Sp_90Mhz
736.1412	17.934587301587303	227.7885714285714	3.9200285714285714	V_Sp_90Mhz
628.2411666666667	15.617084459786367	225.54206692682192	3.6892965467012657	V_Sp_90Mhz
670.8346666666667	15.86204713804714	224.96498316498318	3.77359595959596	V_Sp_90Mhz
756.563	17.586588771929826	227.7503157894737	3.9668666666666668	V_Sp_90Mhz
763.2850000000001	18.367817592101385	229.47372669220945	3.889824074074074	V_Sp_90Mhz
729.4906666666666	18.033652701598786	226.23406076166023	3.7784528208918453	V_Sp_90Mhz
778.4024000000001	18.217557798024064	228.75862068965517	3.9583333333333335	V_Sp_90Mhz
751.07475	17.722171539961014	228.11345029239766	3.9342105263157894	V_Sp_90Mhz
748.7886000000001	18.246128279569895	227.26101382488483	3.677041935483871	V_Sp_90Mhz
740.9624	17.434821718115657	227.30265911457963	3.968879365079365	V_Sp_90Mhz
761.48375	18.747690521997328	227.75195024246258	3.7206252964895636	V_Sp_90Mhz
765.8012	18.615575412123	227.10968936044796	3.774629382061106	V_Sp_90Mhz
776.6108	17.783320153256703	229.35168380721922	3.9310344827586206	V_Sp_90Mhz
787.24	18.22465331657088	225.1571264367816	3.91078125	V_Sp_90Mhz
778.0934	18.102885997910136	225.81124346917449	3.9545454545454546	V_Sp_90Mhz
768.0618000000001	17.392110021786493	228.21008403361347	3.9411764705882346	V_Sp_90Mhz
802.15125	18.267080999066295	227.45564892623713	4.0	V_Sp_90Mhz
776.7262499999999	18.282123015873015	226.36507936507937	4.0	V_Sp_90Mhz
774.92025	17.849141042780747	227.71639670360898	4.0	V_Sp_90Mhz
746.0946	18.024908293165247	229.1032258064516	4.0	V_Sp_90Mhz
805.6934	18.598173259947252	229.23017543859646	3.964569200779727	V_Sp_90Mhz
807.40425	18.302579536124796	226.77422003284073	4.0	V_Sp_90Mhz
798.4008	18.215971526037315	228.43713557397768	4.0	V_Sp_90Mhz
782.108	18.561237109440267	230.41311070780398	3.96952	V_Sp_90Mhz
756.328	18.52985136452242	227.78361287834974	4.0	V_Sp_90Mhz
752.972	18.19178054446461	227.2208320802005	4.0	V_Sp_90Mhz
704.9688	18.052581772809766	226.10781499202554	4.0	V_Sp_90Mhz
809.98	18.476341908410873	223.72235673930587	4.0	V_Sp_90Mhz
770.6884	18.71140582176444	226.59190326914467	4.0	V_Sp_90Mhz
804.2585	18.58769692264257	226.91191417278372	4.0	V_Sp_90Mhz
778.217	18.48129329004329	227.63203463203462	4.0	V_Sp_90Mhz
751.1804	18.671439244663382	228.92715330646365	3.814442528735632	V_Sp_90Mhz
758.898	17.421799628942484	226.9987631416203	4.0	V_Sp_90Mhz
778.7192	17.968134918543615	226.2923717794782	3.962962962962963	V_Sp_90Mhz
757.78575	18.110802068302068	228.6911976911977	3.942840909090909	V_Sp_90Mhz
789.3822	17.899026558149494	227.03083601056613	4.0	V_Sp_90Mhz
780.7604	18.260586580086578	226.6727272727273	4.0	V_Sp_90Mhz
794.8656666666666	18.38857943043404	227.27730313947504	4.0	V_Sp_90Mhz
798.5924	18.437923421406182	227.5701746529333	4.0	V_Sp_90Mhz
801.1502	18.11805628491291	228.44497984773847	4.0	V_Sp_90Mhz
823.77825	18.337902298850572	227.51921182266008	4.0	V_Sp_90Mhz
800.4234	18.101534975369457	227.4096551724138	4.0	V_Sp_90Mhz
749.2275	16.613222267834335	230.13011892322237	3.978448275862069	V_Sp_90Mhz
818.83175	18.149560736677117	228.89216300940438	4.0	V_Sp_90Mhz
803.9078000000001	18.237333930437376	226.3947156291984	4.0	V_Sp_90Mhz
832.1768	18.652343533065398	228.04912921690416	4.0	V_Sp_90Mhz
799.1885	18.711666666666666	226.7037037037037	3.9735185185185182	V_Sp_90Mhz
775.9942	17.07117378917379	228.55467068878835	3.919163076923077	V_Sp_90Mhz
815.0585	19.24784412741546	227.62139588100686	4.0	V_Sp_90Mhz
785.0352	17.62169669365722	230.1290437632543	4.0	V_Sp_90Mhz
801.5956666666667	18.801285730871935	227.0066062928132	3.9211494252873567	V_Sp_90Mhz
784.3055	18.176457453206595	228.08694948072522	3.921297025171625	V_Sp_90Mhz
799.4783333333334	17.747338241856312	228.34315037929494	3.979236947791165	V_Sp_90Mhz
782.8296	17.94464524827025	227.53435897435898	3.914901587301587	V_Sp_90Mhz
794.43775	17.387673012452108	229.41858237547893	4.0	V_Sp_90Mhz
820.10875	17.860359890619204	227.973659621802	3.917780867630701	V_Sp_90Mhz
781.7598	17.332751633986927	229.92889164086688	3.96	V_Sp_90Mhz
847.8003333333332	18.453162375636058	227.7014809751652	4.0	V_Sp_90Mhz
804.0502	18.70120933706816	227.65141612200438	4.0	V_Sp_90Mhz
837.064	18.603315065681443	228.17427476737822	4.0	V_Sp_90Mhz
827.1290000000001	18.96071680449368	224.66528781863468	4.0	V_Sp_90Mhz
818.6982	18.34629754123872	227.5986928104575	4.0	V_Sp_90Mhz
814.6020000000001	18.298838352739214	228.1560680698612	4.0	V_Sp_90Mhz
808.302	18.39793563218391	229.44137931034484	4.0	V_Sp_90Mhz
780.4374	17.632988744588744	227.87125839677566	3.95	V_Sp_90Mhz
754.29	17.28925	223.83727272727273	4.0	V_Sp_90Mhz
814.0794	17.802112174270743	228.9989475713261	4.0	V_Sp_90Mhz
826.8512499999999	18.35121318898493	228.25318815720783	4.0	V_Sp_90Mhz
806.27625	18.9946317617866	228.41989198657132	4.0	V_Sp_90Mhz
832.8702	20.33593650793651	227.74679802955666	4.0	V_Sp_90Mhz
802.9132	19.581888139151296	229.9197031039136	4.0	V_Sp_90Mhz
846.0012	20.2636810231248	226.4505747126437	4.0	V_Sp_90Mhz
797.9775	18.249447377241495	231.3117144293615	3.9519230769230766	V_Sp_90Mhz
844.095	20.8249423939587	228.45279034690802	4.0	V_Sp_90Mhz
809.756	18.843353264382678	228.23206205559148	4.0	V_Sp_90Mhz
790.7792000000001	19.355157367161425	226.2719426467905	4.0	V_Sp_90Mhz
850.812	20.496802956030898	226.78410059676045	4.0	V_Sp_90Mhz
849.4224	21.042613289760347	222.76483037659509	4.0	V_Sp_90Mhz
833.858	21.010124539854253	225.71065134099618	4.0	V_Sp_90Mhz
791.58125	19.780668643162393	224.84649038461538	4.0	V_Sp_90Mhz
833.6791999999999	18.791639696904404	224.1777203188968	4.0	V_Sp_90Mhz
834.7621999999999	21.095173015873016	226.47785440613023	4.0	V_Sp_90Mhz
808.9137499999999	18.464543406593407	227.08175824175825	4.0	V_Sp_90Mhz
813.8202	18.776534138355924	229.35592022792025	4.0	V_Sp_90Mhz
745.9327999999999	18.303920471412646	221.743358554489	4.0	V_Sp_90Mhz
742.78575	17.311969648399483	228.2298719061522	3.895833333333333	V_Sp_90Mhz
778.1848	16.711217492449073	228.66274847959056	4.0	V_Sp_90Mhz
763.2336	18.257714640296065	229.06683375104427	4.0	V_Sp_90Mhz
707.224	17.84371726778656	228.026185770751	3.9526086956521738	V_Sp_90Mhz
841.44	17.001923076923077	219.76429499675115	3.9341975308641977	V_Sp_90Mhz
789.98025	18.171366666666668	228.55555555555554	3.9521296296296295	V_Sp_90Mhz
785.5004	18.444456140350876	230.20869695606538	3.887925925925926	V_Sp_90Mhz
702.9855	17.86783988095238	229.11619047619047	4.0	V_Sp_90Mhz
697.7492	16.462279853479853	231.34432234432234	4.0	V_Sp_90Mhz
747.3846	16.257691005291008	228.81460317460318	4.0	V_Sp_90Mhz
620.185	16.16039861895794	222.73333333333335	3.9704444444444444	V_Sp_90Mhz
747.08875	16.93422003284072	228.75697865353038	4.0	V_Sp_90Mhz
697.1944000000001	19.351747619047618	225.1717330944917	4.0	V_Sp_90Mhz
678.158	17.85623809523809	226.46798941798943	4.0	V_Sp_90Mhz
776.926	18.37267881192881	228.93352573352576	3.9590488215488215	V_Sp_90Mhz
772.928	18.367647332506206	223.32025951199338	4.0	V_Sp_90Mhz
818.2435	18.09627946335274	228.49756680101507	3.994625	V_Sp_90Mhz
816.7806666666667	20.358862874779543	225.2638417563705	3.9960317460317456	V_Sp_90Mhz
769.202	19.14126147559337	226.6333855799373	4.0	V_Sp_90Mhz
792.6058	18.675168783068784	226.82388543823328	4.0	V_Sp_90Mhz
836.933	19.45398148148148	227.66666666666666	4.0	V_Sp_90Mhz
773.8776	17.73794199134199	228.6509090909091	4.0	V_Sp_90Mhz
842.896	20.948473304473303	228.09871648819018	4.0	V_Sp_90Mhz
666.22	17.288198594239812	232.44285119514106	4.0	V_Sp_90Mhz
797.5875	17.449272727272728	228.72207792207791	4.0	V_Sp_90Mhz
729.4559999999999	19.33978146967599	223.6067226890756	4.0	V_Sp_90Mhz
817.119	19.19776060937785	225.5219759168035	4.0	V_Sp_90Mhz
741.954	21.071459899749375	224.720626566416	4.0	V_Sp_90Mhz
857.7027499999999	20.809193772474664	227.97868584504738	4.0	V_Sp_90Mhz
698.741	18.399563492063493	232.75372775372776	4.0	V_Sp_90Mhz
740.1096666666666	19.5862987012987	223.8763282172373	4.0	V_Sp_90Mhz
780.95875	19.62301169950739	221.04572884012538	4.0	V_Sp_90Mhz
770.1134	18.02461541184295	227.6592418076676	4.0	V_Sp_90Mhz
634.284	18.854437730690364	220.38342008868327	4.0	V_Sp_90Mhz
806.694	19.164770119743803	227.29083820662768	4.0	V_Sp_90Mhz
367.007	17.94375905068383	218.19408688656475	4.0	V_Sp_90Mhz
674.6404	17.662080952380954	219.9542857142857	4.0	V_Sp_90Mhz
811.56575	18.035753078817734	226.2334975369458	4.0	V_Sp_90Mhz
780.173	17.481438095238097	226.14285714285717	4.0	V_Sp_90Mhz
605.09225	16.094310064935065	223.9711038961039	3.861233766233766	V_Sp_90Mhz
745.118	17.424645229770228	225.75279720279718	3.9107142857142856	V_Sp_90Mhz
62.55	18.0825	230.60000000000002	4.0	V_Sp_90Mhz
